0.066769
0.06677
0.06681
0.066781
0.066619
0.066386
0.066188
0.066147
0.066396
0.067024
0.06798
0.068756
0.067766
0.064747
0.063786
0.06559
0.069019
0.074493
0.081839
0.036469
0.047834
0.054204
0.058454
0.061744
0.062139
0.05707
0.052852
0.053642
0.065256
0.065296
0.065328
0.065247
0.065036
0.064806
0.064655
0.064663
0.064938
0.065557
0.066452
0.06708
0.065813
0.06256
0.061681
0.063797
0.067751
0.074271
0.084265
0.02992
0.042298
0.049933
0.054818
0.058535
0.0593
0.054536
0.050582
0.051828
0.066047
0.066033
0.066071
0.066115
0.066096
0.065996
0.065909
0.066002
0.066427
0.067256
0.068419
0.069391
0.068579
0.065839
0.065345
0.067702
0.071797
0.078435
0.089975
0.044761
0.050694
0.056956
0.061616
0.065434
0.066352
0.061671
0.057704
0.058625
0.06423
0.064312
0.064334
0.064115
0.063627
0.063171
0.063056
0.06339
0.064146
0.065264
0.066612
0.067599
0.066479
0.063188
0.062491
0.065067
0.069717
0.077561
0.092113
0.039136
0.045127
0.052954
0.058551
0.063091
0.064651
0.060164
0.055774
0.056441
-15.882
-59.905
0.42803
0
0.71343
7.9644
