0.08806
0.088286
0.089049
0.090175
0.091252
0.092033
0.092688
0.093534
0.094849
0.096825
0.09945
0.10192
0.10122
0.096136
0.094361
0.098445
0.10697
0.12233
0.15157
0.035797
0.049668
0.067586
0.078114
0.085899
0.089368
0.0854
0.082481
0.086225
0.087446
0.087692
0.08845
0.089598
0.090774
0.091707
0.092506
0.093462
0.094867
0.096932
0.099659
0.10223
0.10168
0.096922
0.09571
0.10045
0.10981
0.12665
0.16053
0.047982
0.052301
0.070063
0.081177
0.08966
0.093666
0.089545
0.086108
0.089729
0.085789
0.08603
0.086872
0.088125
0.089316
0.090125
0.090687
0.091344
0.092436
0.094207
0.09668
0.099106
0.098616
0.093882
0.092176
0.096102
0.10443
0.11965
0.1496
0.039675
0.047962
0.064952
0.075213
0.082971
0.086558
0.082667
0.079728
0.08369
0.083717
0.083988
0.084763
0.085852
0.0869
0.087744
0.088534
0.089508
0.0909
0.092905
0.095535
0.098009
0.097371
0.092396
0.090736
0.094999
0.10392
0.12028
0.15366
0.042844
0.045414
0.063306
0.074202
0.08248
0.086541
0.082838
0.079681
0.083483
-13.178
-53.739
0.16153
0
0.41272
15.287
