0.097755
0.097785
0.097882
0.097875
0.097649
0.097312
0.097034
0.096958
0.097225
0.097922
0.098969
0.099714
0.098187
0.094371
0.093588
0.09652
0.10186
0.11092
0.12724
0.061207
0.069512
0.078432
0.084983
0.090244
0.090818
0.081951
0.074059
0.075289
0.099039
0.099
0.098953
0.098855
0.09872
0.098626
0.098642
0.098867
0.09945
0.1005
0.10193
0.10304
0.10172
0.098079
0.097786
0.10145
0.10769
0.11836
0.14158
0.082992
0.080905
0.088298
0.094979
0.10083
0.10185
0.092491
0.08354
0.083923
0.098087
0.098011
0.097924
0.09783
0.097756
0.097714
0.097735
0.097952
0.098548
0.099635
0.10113
0.10236
0.10129
0.098065
0.09815
0.10212
0.10875
0.12023
0.14663
0.086739
0.080986
0.088178
0.095078
0.10123
0.10256
0.093505
0.08489
0.085531
0.094437
0.094523
0.094661
0.09475
0.094735
0.094703
0.094806
0.095202
0.09603
0.097357
0.099081
0.10046
0.099227
0.095361
0.095004
0.099042
0.10614
0.1186
0.1461
0.076873
0.073057
0.082118
0.089967
0.096826
0.098924
0.090572
0.082152
0.082971
-12.24
-57.304
0.28317
0
0.87212
15.882
