0.1107
0.1108
0.11132
0.1123
0.11349
0.11452
0.1153
0.11602
0.11693
0.1182
0.11978
0.12097
0.11971
0.11638
0.11705
0.12229
0.13109
0.14713
0.18837
0.11716
0.098639
0.10617
0.11548
0.12502
0.12894
0.1174
0.1032
0.10253
0.11044
0.11067
0.11137
0.11238
0.11333
0.11398
0.11446
0.11503
0.11593
0.1173
0.11905
0.12041
0.11911
0.11548
0.11603
0.1214
0.13046
0.14695
0.18941
0.11804
0.098484
0.10612
0.11575
0.12573
0.1301
0.11851
0.10361
0.10235
0.10993
0.11009
0.11071
0.11178
0.11294
0.11382
0.11445
0.11518
0.11628
0.11789
0.11989
0.12149
0.12036
0.11693
0.11779
0.12361
0.13332
0.1512
0.19916
0.12845
0.10326
0.1104
0.12042
0.13097
0.13585
0.1245
0.10956
0.10794
0.11043
0.11037
0.11065
0.1115
0.11278
0.11402
0.11508
0.11614
0.11747
0.11919
0.1212
0.12265
0.12131
0.11819
0.12005
0.1268
0.13725
0.15593
0.20707
0.13931
0.11045
0.11666
0.12675
0.13768
0.14283
0.13133
0.11647
0.11545
-10.953
-52.276
0.16854
0
0.97651
38.058
