0.064237
0.064022
0.063708
0.063646
0.064176
0.065006
0.06553
0.065569
0.065412
0.065443
0.06584
0.066298
0.065509
0.06297
0.061898
0.063152
0.065951
0.070741
0.076386
0.024063
0.040568
0.047499
0.051626
0.054608
0.054902
0.050521
0.047321
0.04878
0.063868
0.063961
0.064191
0.064433
0.064472
0.064273
0.064065
0.064125
0.064612
0.065543
0.066791
0.067767
0.066706
0.063327
0.062314
0.064598
0.069069
0.076773
0.090281
0.031655
0.041492
0.050028
0.055593
0.059903
0.061237
0.056787
0.052716
0.053797
0.063811
0.063784
0.063743
0.063641
0.0635
0.063406
0.063431
0.063659
0.064202
0.065134
0.066405
0.067511
0.066848
0.064135
0.063565
0.065955
0.070312
0.077656
0.091207
0.042186
0.047352
0.054252
0.059369
0.063648
0.065044
0.060429
0.056029
0.056843
0.064035
0.064172
0.064394
0.064443
0.064146
0.063689
0.063358
0.063303
0.063597
0.064267
0.065229
0.065945
0.06474
0.061369
0.060257
0.062205
0.066056
0.072483
0.0822
0.027018
0.040318
0.047997
0.052772
0.056344
0.05701
0.052272
0.04835
0.049558
-14.903
-53.161
0.43813
0
0.95824
14.265
