0.12212
0.12218
0.12253
0.12321
0.12401
0.12466
0.12517
0.12576
0.12666
0.128
0.12968
0.13086
0.12924
0.12557
0.12649
0.13219
0.14139
0.15799
0.20326
0.13886
0.11576
0.12189
0.13105
0.14063
0.14389
0.13029
0.11427
0.11272
0.1187
0.1189
0.11954
0.12056
0.12165
0.12247
0.12308
0.12374
0.12473
0.12619
0.12804
0.12944
0.12801
0.12422
0.12491
0.13063
0.14013
0.1574
0.20302
0.13178
0.10992
0.11734
0.12719
0.13732
0.14126
0.12846
0.11289
0.11164
0.11848
0.11855
0.11905
0.12007
0.12135
0.12239
0.12302
0.12348
0.12419
0.12541
0.1271
0.12845
0.12726
0.12414
0.12533
0.13112
0.14033
0.15679
0.20143
0.13776
0.11437
0.11991
0.12872
0.13825
0.14183
0.1289
0.11346
0.11229
0.11715
0.11729
0.11784
0.11885
0.12006
0.12109
0.12189
0.12273
0.12392
0.12562
0.12775
0.12948
0.12839
0.12498
0.12615
0.13247
0.14277
0.16153
0.21255
0.1419
0.11417
0.12058
0.13042
0.14083
0.14503
0.13225
0.11667
0.1155
-10.325
-59.422
0.16618
0
0.87212
30.557
