0.11642
0.11659
0.11679
0.11664
0.1159
0.11486
0.11405
0.11377
0.11416
0.11518
0.11662
0.11745
0.11469
0.10819
0.10594
0.10902
0.11511
0.12491
0.13627
0.039782
0.072506
0.085741
0.093377
0.098728
0.098999
0.090315
0.083591
0.085735
0.11714
0.11742
0.11761
0.11738
0.11661
0.11566
0.11491
0.1146
0.1149
0.11592
0.11751
0.1187
0.11644
0.10999
0.10713
0.10953
0.11499
0.12394
0.13367
0.040357
0.07208
0.084412
0.091434
0.096252
0.096103
0.087471
0.081117
0.08329
0.11689
0.11712
0.11725
0.11706
0.11647
0.11575
0.11527
0.11529
0.11597
0.11736
0.11926
0.12064
0.11841
0.11231
0.11045
0.114
0.1206
0.13109
0.14594
0.063042
0.083067
0.094901
0.10261
0.10834
0.10889
0.10018
0.093096
0.094186
0.11703
0.11696
0.11664
0.11608
0.11545
0.11496
0.11474
0.1149
0.11563
0.11703
0.11897
0.12055
0.11903
0.11418
0.11317
0.11699
0.12362
0.13426
0.1516
0.074707
0.087537
0.098196
0.10576
0.11163
0.11239
0.10401
0.097381
0.098722
-10.321
-52.344
0.20567
0
0.95824
28.463
