0.094884
0.094856
0.094811
0.094777
0.094763
0.094761
0.094836
0.095166
0.095925
0.097196
0.098891
0.10033
0.099492
0.096393
0.096517
0.10055
0.10737
0.11943
0.14893
0.090869
0.080792
0.087396
0.094356
0.10077
0.1025
0.093785
0.085138
0.085632
0.092306
0.092258
0.092253
0.092331
0.092462
0.092547
0.092581
0.092728
0.093198
0.094105
0.095371
0.096356
0.095193
0.091981
0.091802
0.095211
0.10106
0.11124
0.13401
0.077767
0.074803
0.081929
0.08846
0.094231
0.095526
0.087107
0.078883
0.079259
0.092922
0.092872
0.092783
0.092607
0.092384
0.092258
0.092374
0.092856
0.093793
0.095219
0.09703
0.098531
0.097676
0.094568
0.094841
0.09917
0.10645
0.11943
0.15118
0.08937
0.077698
0.084722
0.092004
0.098668
0.10063
0.092093
0.083535
0.08421
0.091681
0.091636
0.09158
0.091436
0.091192
0.090946
0.090813
0.090917
0.09138
0.092266
0.093475
0.094351
0.093013
0.089624
0.089341
0.092634
0.098246
0.10783
0.1287
0.075359
0.073592
0.080324
0.08644
0.091843
0.092871
0.084383
0.076154
0.076444
-12.443
-53.917
0.28478
0
0.41272
5.6567
