0.066529
0.066509
0.066471
0.066397
0.066312
0.066281
0.06637
0.06667
0.06728
0.068267
0.069582
0.070708
0.069992
0.067191
0.066653
0.069163
0.073669
0.081248
0.095568
0.046038
0.050185
0.056918
0.061941
0.06604
0.067095
0.062235
0.058057
0.059096
0.065552
0.065657
0.065828
0.065992
0.06607
0.066082
0.066152
0.066431
0.067044
0.068046
0.069355
0.070374
0.069306
0.066032
0.065386
0.068093
0.072942
0.081084
0.096311
0.042473
0.047734
0.055447
0.061042
0.065596
0.067038
0.062275
0.057872
0.058807
0.06415
0.064224
0.064341
0.064367
0.064225
0.063993
0.063786
0.063706
0.063879
0.064391
0.065195
0.065799
0.064669
0.061598
0.060648
0.062555
0.066316
0.072712
0.082579
0.02532
0.0391
0.046983
0.051791
0.055312
0.055889
0.051162
0.047447
0.048935
0.063692
0.063695
0.063718
0.063734
0.063747
0.063789
0.063889
0.06412
0.064606
0.065445
0.066607
0.067612
0.066868
0.064008
0.063145
0.065191
0.06918
0.076058
0.088369
0.037361
0.044421
0.051493
0.056383
0.060253
0.06128
0.056832
0.052933
0.053862
-15.687
-61.853
0.42633
0
0.71343
8.5357
