0.086928
0.087251
0.088261
0.089827
0.091417
0.092655
0.093761
0.095112
0.09694
0.099362
0.10234
0.10517
0.10568
0.1041
0.10689
0.11516
0.12876
0.15426
0.22045
0.12233
0.079236
0.091465
0.10656
0.12148
0.13025
0.12157
0.1084
0.10999
0.093645
0.093854
0.094566
0.09571
0.096887
0.097806
0.098665
0.099796
0.10139
0.10351
0.10608
0.10831
0.10798
0.10557
0.1077
0.11502
0.12685
0.14845
0.20244
0.10857
0.080943
0.093866
0.10759
0.12061
0.12736
0.11785
0.10538
0.10698
0.095448
0.095592
0.096214
0.097186
0.098147
0.098902
0.099647
0.10067
0.10217
0.10427
0.10693
0.10949
0.10985
0.10801
0.11001
0.11703
0.1287
0.15045
0.20761
0.12447
0.091697
0.101
0.11309
0.12532
0.13185
0.1226
0.11016
0.11105
0.097178
0.097338
0.097926
0.098763
0.099533
0.10012
0.1007
0.10149
0.10271
0.10449
0.10679
0.10888
0.10859
0.106
0.10726
0.11339
0.12364
0.14241
0.19081
0.11694
0.092784
0.10142
0.11222
0.12329
0.12903
0.11965
0.10705
0.10701
-11.015
-59.919
0.052906
0
0.78861
35.358
