0.085086
0.085375
0.086394
0.087947
0.089507
0.090742
0.091855
0.093197
0.095043
0.097569
0.10081
0.1042
0.10572
0.10506
0.10799
0.11626
0.13018
0.15679
0.22972
0.14475
0.09412
0.10132
0.11453
0.12895
0.13796
0.12944
0.11563
0.11607
0.090667
0.090864
0.091592
0.092735
0.093933
0.094957
0.095956
0.097193
0.098879
0.10115
0.10399
0.10674
0.10726
0.10565
0.10811
0.11587
0.12872
0.15282
0.21714
0.13207
0.091285
0.10006
0.11287
0.1262
0.13387
0.12484
0.11163
0.11229
0.095641
0.095818
0.096404
0.09724
0.098043
0.098717
0.099431
0.1004
0.1018
0.10374
0.1062
0.10852
0.10858
0.1064
0.10797
0.11442
0.12527
0.14551
0.1993
0.12461
0.094477
0.1025
0.11359
0.12518
0.13147
0.12211
0.10898
0.10865
0.098393
0.098491
0.099032
0.099884
0.10072
0.10133
0.10187
0.10261
0.10376
0.10548
0.10772
0.10981
0.10969
0.10746
0.10895
0.1151
0.12528
0.14397
0.193
0.12096
0.095311
0.10317
0.11363
0.12448
0.12997
0.12031
0.10764
0.1076
-10.581
-56.816
0.051247
0
0.83298
40.69
