0.11912
0.11936
0.12003
0.121
0.12193
0.12262
0.12313
0.1237
0.12462
0.12609
0.12807
0.12983
0.12891
0.12523
0.12551
0.13096
0.14053
0.15814
0.20228
0.11906
0.10049
0.10953
0.11962
0.12951
0.13326
0.12106
0.10667
0.10635
0.11888
0.11916
0.11988
0.12087
0.12172
0.12215
0.12234
0.12265
0.12338
0.12466
0.12637
0.12761
0.12585
0.12148
0.12159
0.12682
0.13575
0.15185
0.1922
0.11791
0.10212
0.11065
0.1204
0.13007
0.1337
0.12143
0.10669
0.1057
0.11835
0.11855
0.11917
0.12026
0.12155
0.12261
0.12345
0.12437
0.12568
0.12754
0.12987
0.13181
0.13082
0.12732
0.12855
0.13516
0.146
0.16589
0.22036
0.14597
0.1152
0.12175
0.13202
0.1429
0.14758
0.13523
0.11997
0.11897
0.11513
0.11522
0.11576
0.11682
0.11812
0.11924
0.12012
0.12101
0.1222
0.12387
0.12598
0.12776
0.12685
0.12345
0.12423
0.13004
0.13982
0.15775
0.20502
0.13066
0.10748
0.11515
0.1252
0.13549
0.13983
0.12811
0.11375
0.11291
-10.667
-55.601
0.16849
0
0.63825
21.239
