0.10038
0.10059
0.10115
0.10197
0.10275
0.10335
0.10397
0.10495
0.10656
0.10891
0.11189
0.11451
0.11337
0.10769
0.10637
0.11151
0.12119
0.13798
0.16967
0.051115
0.064118
0.082328
0.09384
0.10259
0.10622
0.10076
0.096362
0.099843
0.097021
0.097255
0.097906
0.098862
0.099832
0.10061
0.10133
0.10228
0.10372
0.10586
0.10869
0.11133
0.11063
0.10548
0.10405
0.10874
0.11801
0.1344
0.16581
0.049792
0.061123
0.078752
0.089873
0.098435
0.10228
0.097412
0.093194
0.09639
0.096915
0.097337
0.098131
0.099063
0.099806
0.1003
0.10083
0.10172
0.10323
0.1055
0.10844
0.11104
0.1099
0.10396
0.1021
0.10678
0.11606
0.13226
0.16238
0.045214
0.060108
0.078054
0.089151
0.097568
0.10107
0.095581
0.090827
0.093797
0.093878
0.094027
0.094616
0.095554
0.096549
0.097383
0.098166
0.099158
0.10061
0.10268
0.10536
0.10778
0.10692
0.10194
0.1008
0.10558
0.11471
0.13065
0.16053
0.046523
0.059823
0.07719
0.088058
0.096429
0.10023
0.095593
0.091642
0.094937
-12.527
-58.946
0.16109
0
0.63825
23.633
