0.11619
0.1162
0.11612
0.11581
0.11529
0.11483
0.11464
0.11488
0.11568
0.11711
0.11903
0.12049
0.11856
0.11304
0.11162
0.11536
0.12208
0.13267
0.14767
0.065352
0.084754
0.096466
0.10427
0.11028
0.11123
0.10281
0.095865
0.097198
0.11827
0.11817
0.11783
0.11734
0.1169
0.11665
0.11663
0.11692
0.11771
0.11912
0.12103
0.12255
0.12093
0.11599
0.11501
0.1189
0.12565
0.1365
0.15412
0.07366
0.087455
0.098617
0.10644
0.11246
0.1134
0.10542
0.099288
0.1009
0.11408
0.11412
0.11406
0.11371
0.113
0.11218
0.11154
0.11134
0.11174
0.1128
0.11434
0.1154
0.11321
0.10751
0.1056
0.1085
0.11409
0.12291
0.13367
0.056766
0.078995
0.090055
0.09713
0.10239
0.10282
0.094506
0.087711
0.08883
0.11494
0.11473
0.11428
0.11367
0.1132
0.11305
0.11311
0.11342
0.11415
0.11545
0.11725
0.11866
0.11704
0.11234
0.11158
0.11552
0.12219
0.1328
0.15017
0.072594
0.085081
0.095785
0.1035
0.10958
0.11062
0.10266
0.096505
0.098204
-10.895
-52.061
0.20439
0
0.78861
20.024
