0.097628
0.097343
0.097026
0.09674
0.096568
0.096539
0.096684
0.097127
0.098003
0.099361
0.10105
0.10225
0.10071
0.097017
0.097589
0.10267
0.11084
0.12485
0.15697
0.0875
0.0793
0.088386
0.097014
0.10489
0.10782
0.099423
0.090599
0.091664
0.097411
0.097329
0.097262
0.097194
0.097134
0.097101
0.097136
0.097372
0.097994
0.099119
0.10068
0.102
0.101
0.097546
0.097158
0.10072
0.10704
0.11816
0.1431
0.081531
0.077929
0.085629
0.092648
0.098891
0.10053
0.092098
0.083806
0.084404
0.095367
0.095315
0.095291
0.09512
0.094749
0.09436
0.09413
0.094166
0.094575
0.095425
0.096622
0.097485
0.096014
0.092275
0.091719
0.094984
0.10076
0.11063
0.12985
0.064418
0.068725
0.077362
0.084062
0.08965
0.090686
0.082241
0.07452
0.075869
0.095678
0.095638
0.095603
0.09546
0.095199
0.09497
0.094923
0.095168
0.095814
0.096928
0.098415
0.099559
0.098229
0.094432
0.093954
0.097521
0.10374
0.11435
0.1364
0.073846
0.074199
0.082371
0.089303
0.095345
0.096842
0.08847
0.080293
0.080918
-11.899
-56.845
0.28389
0
0.63825
12.271
