0.086666
0.086966
0.088068
0.08979
0.091482
0.092709
0.093726
0.094949
0.096619
0.098865
0.10168
0.1045
0.10541
0.10458
0.10765
0.11577
0.12909
0.1543
0.22124
0.12812
0.083753
0.09437
0.1088
0.12343
0.13206
0.12337
0.11028
0.11187
0.094371
0.094488
0.095095
0.096122
0.097204
0.098058
0.098847
0.099872
0.10133
0.1033
0.10573
0.10791
0.10784
0.10596
0.10823
0.11527
0.12654
0.14712
0.20023
0.11713
0.088699
0.098969
0.11146
0.12394
0.13047
0.12079
0.10797
0.10903
0.095813
0.095955
0.096551
0.097461
0.098361
0.099101
0.099868
0.10092
0.10244
0.10455
0.10721
0.10977
0.11011
0.10822
0.11015
0.11713
0.12879
0.15066
0.20954
0.13147
0.096145
0.10402
0.11566
0.1279
0.13462
0.12514
0.11186
0.11195
0.098019
0.098236
0.098574
0.098869
0.099073
0.099377
0.099982
0.10102
0.10262
0.10486
0.10762
0.11008
0.10965
0.1062
0.10693
0.11317
0.12382
0.1432
0.19259
0.11608
0.091491
0.10072
0.11215
0.12398
0.13051
0.12122
0.10775
0.10702
-10.281
-56.201
0.053427
0
0.98956
62.701
