0.11241
0.11238
0.11231
0.11207
0.11166
0.11119
0.11078
0.11058
0.11081
0.11166
0.113
0.11399
0.11195
0.10647
0.1044
0.10686
0.11178
0.11934
0.12564
0.048347
0.075969
0.086614
0.092982
0.097503
0.097354
0.089167
0.083076
0.084664
0.1136
0.11357
0.11326
0.11255
0.11164
0.11108
0.11113
0.11174
0.11284
0.11442
0.11639
0.11781
0.11583
0.11033
0.10895
0.11263
0.11914
0.12948
0.14513
0.068648
0.084793
0.095931
0.10354
0.10935
0.11016
0.10192
0.0952
0.096332
0.11439
0.11428
0.11385
0.11314
0.1124
0.11193
0.11178
0.11196
0.11261
0.11386
0.11562
0.11699
0.11523
0.11019
0.109
0.11248
0.1185
0.12788
0.14187
0.072128
0.086144
0.095978
0.10287
0.10815
0.10857
0.10046
0.094171
0.095329
0.1092
0.10925
0.10914
0.10876
0.10822
0.10777
0.10762
0.10792
0.10887
0.11055
0.11283
0.11472
0.11323
0.10777
0.10616
0.10994
0.11707
0.12889
0.14839
0.060518
0.076438
0.088965
0.097425
0.10409
0.10589
0.098273
0.091458
0.092727
-11.134
-50.164
0.20705
0
0.83298
22.41
