0.10218
0.10243
0.10331
0.10471
0.10614
0.10726
0.10826
0.10953
0.11136
0.11392
0.11717
0.12036
0.12107
0.11927
0.12194
0.13058
0.145
0.17208
0.24301
0.13884
0.093776
0.10551
0.1206
0.13561
0.14395
0.13415
0.12082
0.12324
0.10831
0.10841
0.109
0.10994
0.1108
0.11136
0.11193
0.11286
0.11434
0.11637
0.11886
0.12104
0.12072
0.11844
0.12064
0.12787
0.13939
0.16024
0.21289
0.12171
0.096869
0.1085
0.12145
0.13391
0.13981
0.12934
0.11704
0.11922
0.10896
0.10907
0.10953
0.11021
0.11091
0.11155
0.1123
0.11338
0.11497
0.11721
0.12003
0.12262
0.12247
0.11961
0.12119
0.12843
0.14054
0.16275
0.21976
0.13108
0.10182
0.11225
0.12489
0.13749
0.14375
0.13288
0.11896
0.11956
0.11484
0.11486
0.11528
0.11603
0.1168
0.11733
0.11776
0.11841
0.11957
0.1214
0.12388
0.12627
0.12633
0.12414
0.12601
0.133
0.14457
0.16611
0.22402
0.14088
0.1082
0.11634
0.12773
0.13936
0.1447
0.13349
0.12013
0.12115
-9.8073
-51.412
0.051094
0
0.14208
5.4499
