0.11843
0.11836
0.11834
0.1182
0.11787
0.1174
0.1169
0.11657
0.11667
0.11737
0.11858
0.11942
0.11725
0.11187
0.11017
0.11305
0.11845
0.12676
0.13537
0.057308
0.081464
0.092132
0.098806
0.1037
0.10369
0.095005
0.088477
0.090245
0.11813
0.11818
0.11823
0.11801
0.11739
0.1166
0.11595
0.11567
0.11599
0.11704
0.11875
0.12026
0.11874
0.11328
0.11108
0.11394
0.12014
0.13083
0.14689
0.048601
0.072391
0.085508
0.093409
0.099068
0.099727
0.091791
0.085891
0.088247
0.11642
0.11644
0.11638
0.11596
0.11517
0.11432
0.11366
0.11331
0.11346
0.11425
0.11556
0.1165
0.11423
0.10832
0.10608
0.10885
0.11461
0.12409
0.13564
0.039127
0.06982
0.082583
0.089966
0.095161
0.095425
0.087173
0.081193
0.083901
0.11554
0.11555
0.11548
0.11507
0.11427
0.11338
0.11268
0.11235
0.11253
0.11331
0.11454
0.11532
0.11292
0.10703
0.10474
0.10711
0.11202
0.11965
0.12555
0.041366
0.073448
0.08473
0.09119
0.09565
0.09536
0.086968
0.080899
0.083011
-10.415
-50.239
0.20609
0
0.93476
27.765
