0.099623
0.099928
0.10071
0.10184
0.10295
0.10381
0.1046
0.10566
0.10727
0.1096
0.1126
0.1153
0.11432
0.10864
0.10714
0.11225
0.12222
0.1399
0.17476
0.056137
0.063484
0.08176
0.093598
0.1028
0.10693
0.10146
0.096472
0.099646
0.098267
0.098502
0.099206
0.10029
0.10144
0.10241
0.10328
0.10433
0.10585
0.10807
0.111
0.11379
0.11326
0.10822
0.10685
0.11175
0.12149
0.139
0.1738
0.053466
0.060594
0.079125
0.090946
0.1001
0.10434
0.099347
0.09485
0.098237
0.095313
0.095602
0.096429
0.097538
0.098499
0.09914
0.099677
0.10042
0.10163
0.10352
0.10606
0.10834
0.10725
0.10171
0.099986
0.10451
0.11375
0.13042
0.16306
0.044098
0.053275
0.071772
0.083154
0.091932
0.09607
0.091315
0.087078
0.090938
0.096052
0.096325
0.09707
0.098138
0.099176
0.099989
0.10077
0.10183
0.10343
0.10571
0.10864
0.1113
0.1105
0.10532
0.10411
0.10916
0.11885
0.13584
0.16887
0.054484
0.062897
0.080375
0.091746
0.10068
0.10478
0.09955
0.094732
0.09789
-12.274
-57.006
0.16086
0
0.4879
17.194
