0.1008
0.10096
0.10154
0.10239
0.10321
0.10385
0.10447
0.1053
0.10654
0.10838
0.1108
0.11294
0.11177
0.10636
0.10473
0.10912
0.11797
0.13372
0.16295
0.041016
0.05809
0.076213
0.087116
0.095376
0.09886
0.093541
0.089282
0.093291
0.1042
0.1044
0.10497
0.10578
0.1065
0.10698
0.10753
0.10855
0.11028
0.11277
0.11587
0.11847
0.11714
0.11138
0.11053
0.11644
0.1271
0.14547
0.18125
0.058942
0.067203
0.086208
0.098738
0.10859
0.11306
0.1073
0.10208
0.10566
0.10356
0.10374
0.10432
0.10544
0.10688
0.10805
0.10876
0.10938
0.11046
0.11231
0.11488
0.11717
0.11594
0.11034
0.1087
0.11307
0.12164
0.13663
0.16452
0.056575
0.070297
0.086461
0.097056
0.10525
0.10844
0.10243
0.097112
0.099431
0.099722
0.099949
0.10066
0.10183
0.10313
0.10415
0.10502
0.1061
0.10775
0.11013
0.1132
0.11593
0.11501
0.1097
0.10883
0.11451
0.12497
0.14338
0.18062
0.06139
0.064697
0.083224
0.095658
0.10547
0.11002
0.10454
0.099538
0.10309
-11.729
-50.712
0.16217
0
0.98956
35.491
