0.097574
0.097856
0.098566
0.0995
0.1003
0.10083
0.10134
0.10215
0.10352
0.1056
0.10832
0.11076
0.10965
0.10396
0.10212
0.10649
0.11528
0.13067
0.15869
0.041721
0.059994
0.077759
0.088641
0.096927
0.10053
0.095478
0.091054
0.094079
0.09603
0.096274
0.096946
0.097839
0.098625
0.099179
0.099685
0.10042
0.10166
0.10358
0.10617
0.10855
0.10755
0.10203
0.10015
0.10438
0.11311
0.12868
0.15781
0.038787
0.054599
0.072614
0.083423
0.09158
0.095143
0.09038
0.086563
0.090307
0.096578
0.09681
0.097438
0.098443
0.09955
0.10049
0.10137
0.10252
0.10421
0.10659
0.10962
0.11232
0.11143
0.10612
0.10509
0.11051
0.12071
0.13876
0.17491
0.053186
0.058396
0.077485
0.089552
0.098683
0.10271
0.097796
0.093931
0.097842
0.094416
0.094651
0.095317
0.096294
0.097262
0.098027
0.098761
0.099774
0.10133
0.1036
0.10654
0.10924
0.10852
0.1034
0.10215
0.10705
0.11648
0.13298
0.16465
0.051854
0.061785
0.079
0.090044
0.098616
0.10243
0.097303
0.09281
0.095985
-12.052
-61.29
0.16208
0
0.99739
40.093
