0.11213
0.11212
0.11205
0.1118
0.11142
0.11111
0.11097
0.11102
0.11138
0.11216
0.11325
0.11375
0.11096
0.10497
0.10297
0.10559
0.11051
0.11779
0.12347
0.053767
0.078986
0.089057
0.095271
0.099771
0.099632
0.091253
0.084674
0.085757
0.11278
0.11273
0.11299
0.1133
0.11323
0.11267
0.11199
0.11167
0.11199
0.11303
0.11468
0.11618
0.11519
0.11131
0.11052
0.1139
0.11993
0.1297
0.1448
0.06954
0.083884
0.094055
0.10105
0.10647
0.10728
0.099949
0.094423
0.096048
0.11177
0.11174
0.11162
0.11131
0.11079
0.11021
0.10985
0.11002
0.11087
0.11239
0.11442
0.11606
0.11466
0.10991
0.10887
0.11264
0.11935
0.13023
0.1477
0.064647
0.079993
0.09161
0.099488
0.10547
0.10656
0.099225
0.093733
0.095552
0.11015
0.11013
0.11
0.10962
0.10901
0.10843
0.10812
0.10827
0.10901
0.11042
0.11235
0.11393
0.11245
0.10753
0.10619
0.1096
0.11585
0.12585
0.14069
0.064394
0.080941
0.091794
0.099161
0.10488
0.10593
0.098388
0.092219
0.093499
-10.853
-50.399
0.20565
0
0.18719
2.249
