0.065252
0.065191
0.065081
0.064938
0.064799
0.064714
0.064758
0.065025
0.065593
0.066489
0.067624
0.06845
0.067421
0.064735
0.064656
0.067471
0.072079
0.079623
0.09341
0.041704
0.047608
0.05499
0.060296
0.064501
0.06563
0.061096
0.057397
0.058679
0.065175
0.065127
0.065026
0.064871
0.064722
0.064654
0.06473
0.06503
0.065641
0.06661
0.067856
0.068816
0.067841
0.064927
0.064513
0.067109
0.071555
0.078837
0.091756
0.040895
0.047605
0.054832
0.05998
0.064067
0.065149
0.060646
0.056906
0.058014
0.062253
0.062237
0.062244
0.062199
0.062089
0.061992
0.061969
0.062069
0.062379
0.062974
0.063811
0.064408
0.063294
0.06039
0.059654
0.061642
0.065301
0.07127
0.079941
0.028679
0.041303
0.048445
0.052989
0.056456
0.057206
0.05293
0.049493
0.05076
0.060822
0.060873
0.061017
0.061146
0.06117
0.061127
0.061111
0.061217
0.061558
0.062215
0.063139
0.063836
0.062751
0.059688
0.058789
0.060817
0.064776
0.07155
0.082737
0.026454
0.037919
0.045774
0.050695
0.054434
0.05541
0.051175
0.047673
0.049178
-15.49
-60.902
0.43806
0
0.87212
10.586
