0.075898
0.076241
0.077368
0.07916
0.080988
0.082359
0.083493
0.084838
0.086665
0.089091
0.092095
0.09514
0.096412
0.095914
0.099015
0.10709
0.12051
0.14614
0.21488
0.12649
0.077593
0.086827
0.10079
0.11527
0.12445
0.11735
0.10528
0.10652
0.084847
0.085046
0.085754
0.086971
0.088357
0.089534
0.090526
0.091591
0.092975
0.094845
0.097208
0.099461
0.099676
0.098034
0.10011
0.10683
0.11786
0.1383
0.19088
0.10702
0.076931
0.087359
0.099697
0.11187
0.11862
0.1105
0.099245
0.1006
0.087197
0.087479
0.088289
0.08932
0.090081
0.090492
0.09096
0.091846
0.093285
0.095288
0.097742
0.099976
0.10006
0.098376
0.10064
0.10759
0.11883
0.13957
0.19408
0.11683
0.084844
0.093415
0.10486
0.11651
0.12278
0.11387
0.10165
0.10218
0.08847
0.088711
0.089467
0.090553
0.091542
0.092207
0.092752
0.093516
0.094761
0.096628
0.099073
0.10144
0.10164
0.099521
0.10095
0.10721
0.11783
0.13762
0.18974
0.11641
0.087004
0.095144
0.10611
0.11751
0.12386
0.11531
0.10297
0.10271
-11.947
-50.398
0.051623
0
0.71343
37.788
