0.12064
0.12046
0.12
0.11938
0.11886
0.11859
0.11857
0.11886
0.11967
0.1211
0.12307
0.12464
0.12305
0.11824
0.11745
0.12149
0.12835
0.13943
0.15874
0.080908
0.091358
0.10219
0.11023
0.11661
0.1177
0.10919
0.10232
0.10378
0.12007
0.11977
0.11914
0.11815
0.11705
0.11623
0.11589
0.11611
0.11695
0.11838
0.12019
0.12132
0.119
0.11379
0.11338
0.11795
0.12524
0.13655
0.15504
0.075858
0.088972
0.1004
0.10872
0.11532
0.11653
0.10777
0.10072
0.10253
0.11873
0.11875
0.11862
0.11819
0.11747
0.1167
0.11621
0.11626
0.11701
0.11848
0.12047
0.12194
0.11995
0.11449
0.11342
0.11753
0.12459
0.13587
0.15506
0.077788
0.089159
0.10009
0.10806
0.11433
0.11523
0.10614
0.098596
0.09981
0.11808
0.11795
0.11753
0.11679
0.11593
0.11526
0.11499
0.11525
0.11614
0.11771
0.11975
0.12129
0.11947
0.11431
0.11348
0.11774
0.125
0.13672
0.15707
0.075827
0.087014
0.098428
0.1067
0.11321
0.11437
0.10574
0.098741
0.10036
-10.511
-51.891
0.21127
0
0.97651
30.825
