0.065637
0.065582
0.06551
0.065398
0.065267
0.065181
0.065215
0.065469
0.06604
0.066965
0.068143
0.068965
0.067752
0.06471
0.064484
0.067404
0.07223
0.080061
0.094302
0.043081
0.048742
0.056166
0.061649
0.066159
0.067585
0.062872
0.058614
0.059666
0.064582
0.064524
0.064464
0.064391
0.064342
0.064369
0.064505
0.064807
0.065361
0.066227
0.067341
0.068158
0.067104
0.064304
0.064102
0.066893
0.071567
0.079236
0.093363
0.04297
0.048035
0.05514
0.060385
0.064697
0.066008
0.061364
0.057214
0.058252
0.06469
0.064637
0.064563
0.064542
0.064657
0.064903
0.065243
0.065709
0.066396
0.067394
0.068677
0.069724
0.068901
0.066135
0.065812
0.068522
0.073187
0.080985
0.095583
0.041883
0.047122
0.054625
0.060028
0.064365
0.065718
0.061478
0.057949
0.05928
0.064938
0.065105
0.065262
0.065269
0.065085
0.064861
0.064762
0.064894
0.065356
0.066209
0.067386
0.068318
0.067218
0.0638
0.062742
0.064879
0.068938
0.075583
0.086155
0.035371
0.045311
0.052486
0.05729
0.061002
0.06178
0.05708
0.053071
0.053828
-15.322
-58.403
0.43173
0
0.90605
10.362
