0.096448
0.096684
0.097556
0.099013
0.10054
0.10167
0.10261
0.10374
0.10533
0.10749
0.11016
0.11261
0.11264
0.11078
0.11355
0.12168
0.13478
0.15887
0.21951
0.11667
0.082937
0.096856
0.11181
0.12593
0.13317
0.12279
0.10934
0.11156
0.09945
0.099629
0.10028
0.10134
0.10247
0.10337
0.10423
0.10536
0.10697
0.1092
0.11197
0.11455
0.11458
0.11228
0.11439
0.12193
0.13433
0.1571
0.2144
0.11654
0.086177
0.098914
0.11283
0.12615
0.13312
0.12358
0.11126
0.11325
0.10284
0.10296
0.10345
0.10414
0.10476
0.10527
0.10594
0.107
0.10859
0.11076
0.11344
0.11586
0.11569
0.11304
0.11457
0.12138
0.13271
0.15344
0.20676
0.12445
0.097386
0.10714
0.11907
0.13105
0.13718
0.12732
0.11449
0.1151
0.10598
0.10604
0.10644
0.10713
0.10789
0.10854
0.10918
0.11012
0.11155
0.11356
0.11606
0.11818
0.11751
0.11445
0.116
0.12283
0.13389
0.15371
0.20276
0.11389
0.092232
0.10361
0.11578
0.12739
0.13281
0.12278
0.11086
0.11235
-10.491
-56.211
0.05058
0
0.93476
44.296
