0.08008
0.080405
0.081448
0.083052
0.084664
0.085917
0.087034
0.088382
0.090187
0.092566
0.095504
0.098415
0.09935
0.098369
0.10121
0.10915
0.1223
0.14721
0.2138
0.12643
0.080568
0.089845
0.10369
0.11814
0.12715
0.11946
0.10683
0.10801
0.088417
0.08863
0.089312
0.090354
0.091387
0.092186
0.09295
0.093983
0.095469
0.097488
0.099969
0.10222
0.10216
0.10013
0.10216
0.10903
0.12021
0.14073
0.19363
0.11144
0.081868
0.092011
0.10434
0.11666
0.12345
0.11479
0.1027
0.1036
0.090689
0.090822
0.091372
0.092228
0.093077
0.093754
0.094436
0.09538
0.096754
0.098632
0.10093
0.10295
0.10269
0.10058
0.10252
0.1091
0.11967
0.13895
0.18954
0.11745
0.089757
0.097955
0.10895
0.12032
0.12637
0.11723
0.10475
0.10495
0.093407
0.093518
0.093987
0.094732
0.095508
0.096172
0.096854
0.097773
0.099105
0.10095
0.10324
0.10525
0.10491
0.10261
0.10439
0.11092
0.12147
0.14073
0.19162
0.12046
0.092245
0.099862
0.11047
0.12155
0.12735
0.1179
0.10511
0.10501
-11.107
-63.149
0.051418
3
0.11201
2.87
