0.099557
0.099835
0.10066
0.10183
0.10295
0.10376
0.10443
0.10531
0.1067
0.10881
0.11161
0.11417
0.11319
0.10751
0.10565
0.11021
0.11955
0.13626
0.16827
0.047016
0.059595
0.078194
0.08981
0.098834
0.10307
0.09808
0.093489
0.096976
0.10175
0.10218
0.10306
0.10408
0.10473
0.10494
0.10521
0.10602
0.10765
0.11012
0.11325
0.11589
0.11442
0.10813
0.10672
0.1123
0.12273
0.14072
0.17516
0.055273
0.066006
0.084972
0.097306
0.10692
0.11108
0.10468
0.098524
0.10134
0.099501
0.09973
0.10041
0.1015
0.10267
0.10363
0.10453
0.10572
0.10746
0.10995
0.11308
0.11585
0.11482
0.10927
0.10828
0.11399
0.12457
0.14313
0.18031
0.058339
0.06285
0.081872
0.094333
0.10404
0.10847
0.10313
0.098516
0.10236
0.096019
0.096216
0.096891
0.097863
0.098793
0.099506
0.10015
0.10097
0.10223
0.10414
0.10668
0.10903
0.10818
0.10312
0.10164
0.10604
0.11481
0.13031
0.15928
0.04392
0.058373
0.075669
0.086414
0.094745
0.09848
0.093438
0.08906
0.092587
-12.082
-57.617
0.16122
0
0.18719
4.5764
