0.066845
0.066842
0.066739
0.066477
0.066103
0.06581
0.065782
0.066108
0.066806
0.067856
0.069146
0.070078
0.068948
0.065876
0.065527
0.068297
0.072916
0.080331
0.092679
0.038527
0.048102
0.056103
0.061625
0.065972
0.067223
0.06267
0.058742
0.059774
0.065034
0.065118
0.06537
0.065659
0.065749
0.065552
0.065264
0.065201
0.065611
0.066587
0.068056
0.069492
0.069159
0.066459
0.065763
0.068289
0.07313
0.081561
0.098197
0.044671
0.047534
0.054989
0.060638
0.065447
0.067354
0.063056
0.058783
0.05977
0.065188
0.065251
0.065018
0.064261
0.063163
0.062446
0.062574
0.063432
0.0647
0.066174
0.067739
0.068858
0.067787
0.064493
0.06393
0.066824
0.072011
0.080928
0.098326
0.039052
0.043781
0.052789
0.059152
0.064181
0.065934
0.061452
0.057373
0.058627
0.063062
0.063111
0.063286
0.063465
0.063507
0.063395
0.063228
0.063155
0.063336
0.063877
0.064733
0.065418
0.064402
0.061408
0.060372
0.062009
0.065216
0.0703
0.07602
0.027872
0.043072
0.049764
0.05393
0.05708
0.057524
0.052921
0.049187
0.050232
-15.747
-53.341
0.42704
0
0.56308
5.7006
