0.048069
0.048043
0.047891
0.047562
0.047182
0.046973
0.046991
0.047202
0.047611
0.048256
0.049104
0.04979
0.049093
0.046729
0.045867
0.047196
0.049905
0.054483
0.061867
0.026046
0.032953
0.037988
0.041424
0.044147
0.044732
0.041097
0.037893
0.038586
0.045688
0.045702
0.045699
0.045668
0.045663
0.045727
0.045821
0.045936
0.046167
0.046622
0.047311
0.047899
0.047292
0.045345
0.044926
0.046537
0.049495
0.054493
0.063147
0.025613
0.031582
0.036865
0.040453
0.043247
0.043826
0.040141
0.036959
0.037764
0.047147
0.047131
0.046985
0.046629
0.046129
0.04569
0.045417
0.045338
0.045491
0.045901
0.046514
0.046988
0.046283
0.044269
0.043656
0.044885
0.047218
0.050998
0.055973
0.021536
0.030857
0.035603
0.038583
0.040745
0.040792
0.037115
0.03431
0.035132
0.047568
0.047542
0.047457
0.04728
0.047049
0.046821
0.046588
0.046381
0.046308
0.046455
0.046793
0.046985
0.046004
0.043732
0.042814
0.043631
0.045369
0.048024
0.04944
0.0185
0.030488
0.034483
0.036718
0.038165
0.037565
0.033537
0.030741
0.031666
-18.596
-50.337
0.41796
0
0.33754
2.7451
