0.11726
0.11733
0.11785
0.11898
0.12042
0.12163
0.12252
0.12342
0.12464
0.12634
0.12846
0.13019
0.1293
0.1265
0.12831
0.13498
0.14551
0.16462
0.21719
0.14545
0.11594
0.12227
0.13233
0.14304
0.14766
0.13562
0.12101
0.12049
0.11373
0.11401
0.11474
0.11584
0.11699
0.11786
0.11853
0.11928
0.1204
0.12205
0.12414
0.12576
0.12431
0.1201
0.12047
0.12623
0.13598
0.15351
0.19733
0.11844
0.10014
0.10928
0.11974
0.13018
0.13473
0.12344
0.10935
0.10863
0.11225
0.1125
0.11326
0.11445
0.11564
0.11646
0.11698
0.11752
0.11837
0.11972
0.12152
0.12304
0.12197
0.11839
0.11866
0.12369
0.13243
0.14853
0.19013
0.11809
0.099499
0.10722
0.11661
0.1261
0.13
0.11882
0.10523
0.10462
0.11184
0.112
0.11262
0.1138
0.11523
0.11643
0.11739
0.11844
0.11987
0.12183
0.12422
0.12617
0.12516
0.1218
0.12326
0.13006
0.14099
0.16073
0.21305
0.1364
0.10858
0.11623
0.12695
0.13817
0.14351
0.13237
0.11807
0.11748
-10.539
-60.154
0.16508
0
0.44279
13.799
