0.10173
0.10181
0.10231
0.10314
0.10402
0.10474
0.10539
0.1062
0.1074
0.10915
0.11145
0.11373
0.11394
0.11188
0.11316
0.11907
0.1292
0.14817
0.19862
0.12446
0.097354
0.10509
0.11555
0.12639
0.13185
0.12221
0.10977
0.10998
0.10418
0.10425
0.10468
0.1053
0.10585
0.10625
0.10662
0.10722
0.10824
0.10982
0.11188
0.11371
0.11312
0.11021
0.11106
0.11658
0.12586
0.14271
0.18575
0.11491
0.095598
0.10391
0.114
0.12426
0.12916
0.11926
0.10667
0.10647
0.10673
0.10675
0.10705
0.10759
0.10819
0.10871
0.10924
0.11
0.11121
0.11297
0.11522
0.11721
0.11674
0.11409
0.11546
0.12162
0.13169
0.14999
0.19799
0.1256
0.10141
0.10915
0.11932
0.12971
0.13444
0.12402
0.11131
0.11144
0.10761
0.10772
0.10803
0.1084
0.10867
0.10887
0.1092
0.10987
0.11104
0.11278
0.11498
0.11682
0.11594
0.1127
0.11376
0.11979
0.12965
0.14738
0.19332
0.12269
0.10057
0.10839
0.11842
0.12865
0.13323
0.12253
0.10933
0.10895
-10.109
-61.847
0.053143
0
0.18719
9.9885
