0.078019
0.078327
0.079285
0.080698
0.081999
0.08287
0.083616
0.084639
0.086135
0.088157
0.090626
0.092919
0.093266
0.09222
0.095175
0.10275
0.11482
0.13712
0.19449
0.10775
0.072093
0.083462
0.097253
0.11102
0.11928
0.11137
0.098843
0.099806
0.079989
0.080268
0.081182
0.082618
0.084084
0.085225
0.086235
0.087449
0.089061
0.091163
0.093707
0.096041
0.096203
0.094572
0.096952
0.10411
0.11567
0.13697
0.19156
0.10669
0.074373
0.085307
0.098368
0.11137
0.11895
0.11103
0.099141
0.10023
0.085355
0.085568
0.086307
0.087472
0.088698
0.089678
0.090472
0.091347
0.092593
0.094405
0.09678
0.099104
0.099361
0.097453
0.099017
0.10525
0.11576
0.13537
0.18787
0.11823
0.087423
0.094737
0.10544
0.11684
0.12347
0.1154
0.10335
0.10305
0.088339
0.088341
0.088664
0.089306
0.090104
0.090891
0.091714
0.092742
0.094129
0.095974
0.098231
0.10027
0.10017
0.098195
0.099937
0.10614
0.11623
0.13462
0.1825
0.11213
0.086686
0.094711
0.10517
0.11596
0.12175
0.1132
0.1015
0.10167
-10.981
-50.622
0.052431
0
0.56308
29.75
