0.046336
0.046375
0.046419
0.046406
0.0463
0.046169
0.046124
0.046259
0.046635
0.047278
0.04814
0.048861
0.048363
0.046624
0.046542
0.048501
0.051842
0.057545
0.06941
0.035473
0.035568
0.040014
0.043575
0.046514
0.047173
0.043369
0.040066
0.040751
0.046355
0.046396
0.046438
0.046377
0.046152
0.04586
0.045664
0.045687
0.045993
0.046582
0.047365
0.047924
0.047079
0.044822
0.044322
0.045956
0.048855
0.053553
0.061207
0.027416
0.033643
0.038581
0.042006
0.044691
0.04521
0.041561
0.038343
0.038817
0.04453
0.044444
0.044369
0.044291
0.044207
0.044145
0.044156
0.044301
0.04464
0.045197
0.045917
0.046454
0.045824
0.0441
0.043989
0.045774
0.048824
0.053976
0.063749
0.029449
0.032635
0.037477
0.04102
0.043859
0.044551
0.041118
0.0382
0.039034
0.046537
0.046578
0.046592
0.046534
0.046383
0.046198
0.046104
0.046227
0.046643
0.047366
0.048322
0.049096
0.048461
0.046313
0.045883
0.047648
0.050783
0.05605
0.066177
0.0322
0.034874
0.039671
0.043287
0.046205
0.046901
0.043317
0.040178
0.040778
-18.947
-54.914
0.4227
1
0.4879
2.9656
