0.048798
0.04876
0.048586
0.04831
0.048089
0.048072
0.048266
0.048628
0.049147
0.049826
0.050585
0.050957
0.049719
0.047241
0.046978
0.048861
0.051794
0.056249
0.063542
0.033633
0.038346
0.042722
0.046036
0.048706
0.049113
0.04526
0.042045
0.042584
0.048112
0.048119
0.048106
0.047999
0.047792
0.047606
0.047578
0.04778
0.048239
0.048957
0.049869
0.050585
0.049918
0.047802
0.047428
0.049264
0.052535
0.058099
0.068921
0.032857
0.035419
0.040422
0.044133
0.04708
0.047726
0.044054
0.040961
0.041697
0.047635
0.047658
0.04774
0.047773
0.047668
0.047474
0.047302
0.047253
0.047418
0.047847
0.048499
0.049011
0.048259
0.046075
0.045373
0.046655
0.049137
0.053238
0.059519
0.02672
0.033494
0.038008
0.041028
0.043299
0.043404
0.039559
0.03645
0.037012
0.046742
0.046761
0.046864
0.046976
0.046976
0.04678
0.04643
0.046085
0.045944
0.046124
0.046594
0.047018
0.046397
0.044535
0.043913
0.044986
0.047085
0.050509
0.054904
0.022736
0.031077
0.035265
0.037873
0.039713
0.039477
0.035718
0.033066
0.034005
-18.205
-52.961
0.43056
0
0.87212
11.379
