0.08573
0.086047
0.087165
0.08885
0.090516
0.09185
0.09311
0.094657
0.096726
0.099481
0.10297
0.10669
0.10856
0.10804
0.111
0.11952
0.13408
0.16225
0.2396
0.14977
0.094817
0.10226
0.11604
0.13096
0.14032
0.13194
0.11832
0.11917
0.092935
0.093278
0.094121
0.095306
0.096497
0.097524
0.098567
0.099912
0.10181
0.10445
0.10783
0.11131
0.11246
0.11076
0.11291
0.12097
0.13488
0.16133
0.23169
0.13778
0.090928
0.10018
0.11379
0.1279
0.13632
0.12779
0.11493
0.11604
0.096926
0.097103
0.097717
0.098628
0.099521
0.10026
0.10103
0.1021
0.10366
0.10581
0.10851
0.11108
0.11127
0.10913
0.11103
0.11816
0.13001
0.15189
0.20885
0.1253
0.093404
0.10281
0.11493
0.12727
0.1339
0.12457
0.11195
0.1127
0.10346
0.1035
0.10389
0.10464
0.10549
0.10617
0.10681
0.10768
0.10899
0.11081
0.11302
0.1148
0.11393
0.11109
0.11278
0.11927
0.12951
0.14776
0.19286
0.1091
0.090449
0.10151
0.11332
0.12462
0.12985
0.11983
0.10779
0.10896
-10.709
-60.605
0.0507
0
0.36761
19.401
