0.10455
0.10482
0.10543
0.10618
0.10676
0.10713
0.10751
0.10821
0.10947
0.11147
0.11414
0.11655
0.11546
0.10998
0.10848
0.11304
0.1218
0.13682
0.16394
0.055597
0.07066
0.086532
0.096862
0.1049
0.10793
0.10151
0.095931
0.09848
0.097075
0.097496
0.098633
0.10022
0.10159
0.10233
0.10268
0.10314
0.10415
0.10593
0.10839
0.11059
0.10926
0.10329
0.10113
0.10527
0.11409
0.13009
0.16088
0.040231
0.053602
0.072117
0.083168
0.091418
0.094846
0.089462
0.084987
0.088714
0.096756
0.097003
0.0977
0.098523
0.099071
0.099356
0.099728
0.10048
0.10179
0.10379
0.10641
0.10877
0.10776
0.10241
0.10085
0.10532
0.11419
0.12983
0.15907
0.04338
0.057775
0.075265
0.086124
0.094539
0.09827
0.09299
0.088308
0.09176
0.097766
0.097986
0.098604
0.099471
0.10029
0.10093
0.10151
0.10234
0.10368
0.10572
0.10842
0.11087
0.1099
0.1046
0.10315
0.10777
0.11673
0.13237
0.16179
0.051469
0.063673
0.08033
0.091142
0.099667
0.10351
0.098224
0.093249
0.095963
-11.886
-51.588
0.16124
0
0.83298
28.892
