0.04667
0.046633
0.046586
0.046476
0.046317
0.046201
0.046199
0.046359
0.046743
0.047396
0.048287
0.049064
0.048598
0.0467
0.046334
0.048076
0.051236
0.056588
0.066565
0.030767
0.034375
0.039407
0.043122
0.04618
0.047082
0.04364
0.040514
0.041218
0.046828
0.046839
0.046836
0.046771
0.04664
0.046505
0.046447
0.046541
0.046866
0.047466
0.048296
0.048999
0.048458
0.046513
0.046085
0.047704
0.050668
0.055686
0.064766
0.029808
0.034173
0.039042
0.042488
0.045179
0.04565
0.041931
0.038748
0.039307
0.046051
0.046059
0.046051
0.045982
0.045853
0.045722
0.045622
0.045589
0.045693
0.046
0.046495
0.046876
0.046169
0.044261
0.043718
0.044949
0.047277
0.051102
0.056524
0.023316
0.031329
0.035854
0.038742
0.040856
0.040905
0.037273
0.034444
0.035149
0.045599
0.045677
0.045799
0.04583
0.045657
0.045344
0.045044
0.044893
0.044996
0.045396
0.046033
0.046535
0.045802
0.043708
0.043113
0.04447
0.047019
0.051247
0.058027
0.024503
0.030995
0.035676
0.038824
0.04121
0.041439
0.037658
0.034518
0.03514
-18.356
-52.513
0.42723
0
0.71343
8.7413
