0.093754
0.09405
0.09479
0.095712
0.096447
0.096935
0.097448
0.098269
0.099619
0.10164
0.1043
0.10674
0.10586
0.10051
0.098795
0.10327
0.11251
0.12928
0.16237
0.041477
0.050512
0.069671
0.081219
0.089998
0.094196
0.089833
0.085964
0.08973
0.09508
0.095307
0.095905
0.096805
0.097754
0.098582
0.09945
0.10064
0.10239
0.10481
0.10783
0.11051
0.1096
0.10431
0.10326
0.10864
0.11877
0.13663
0.17255
0.055996
0.059666
0.077829
0.089701
0.098939
0.10318
0.098151
0.09376
0.097336
0.094179
0.094312
0.094894
0.095949
0.097197
0.098302
0.099319
0.10051
0.10211
0.10427
0.10693
0.10919
0.10799
0.10282
0.10188
0.10684
0.11591
0.13146
0.16064
0.051367
0.06378
0.080567
0.091506
0.1
0.10357
0.098047
0.093375
0.096599
0.091823
0.092051
0.092799
0.093923
0.095031
0.095876
0.096628
0.097589
0.099018
0.10109
0.10379
0.10632
0.10576
0.10116
0.10017
0.10498
0.11424
0.13072
0.16351
0.054941
0.060413
0.077002
0.087949
0.096587
0.10058
0.095587
0.090905
0.093868
-12.549
-57.556
0.1618
0
0.99739
38.9
