0.085991
0.086347
0.087532
0.08939
0.091255
0.09266
0.093866
0.095298
0.097183
0.099624
0.10259
0.10544
0.10612
0.10511
0.10856
0.11748
0.13193
0.15895
0.22855
0.12367
0.077208
0.090799
0.10706
0.12294
0.13234
0.12353
0.11002
0.11213
0.093016
0.093234
0.09403
0.095332
0.096696
0.097773
0.098749
0.099978
0.10168
0.10394
0.10669
0.10917
0.10916
0.10713
0.10976
0.11785
0.13097
0.15509
0.21579
0.11398
0.079106
0.093112
0.10833
0.12288
0.13091
0.12157
0.1085
0.11035
0.098177
0.098468
0.099224
0.10032
0.10132
0.10196
0.10256
0.10354
0.10508
0.10723
0.10982
0.11196
0.11122
0.10829
0.11033
0.11789
0.13008
0.15214
0.20635
0.10755
0.081391
0.095498
0.10977
0.12304
0.1296
0.11921
0.10582
0.10711
0.1025
0.1028
0.10345
0.10436
0.10521
0.10583
0.10643
0.10732
0.1087
0.11065
0.11309
0.11517
0.11447
0.11142
0.11295
0.1197
0.13066
0.15043
0.19919
0.10812
0.086568
0.098737
0.11129
0.12301
0.12828
0.11787
0.10561
0.10713
-10.608
-55.282
0.051948
0
0.83298
38.202
