0.096447
0.096489
0.096617
0.096687
0.09659
0.096381
0.096188
0.096166
0.096493
0.097281
0.098461
0.099369
0.09799
0.094252
0.093553
0.096657
0.10228
0.11198
0.13099
0.066285
0.070611
0.079206
0.085925
0.091498
0.092371
0.083512
0.075349
0.076365
0.096111
0.096156
0.096242
0.096198
0.095961
0.095683
0.095525
0.095606
0.096065
0.096991
0.098287
0.099214
0.097604
0.093489
0.092744
0.096058
0.10195
0.11192
0.13117
0.065662
0.070345
0.079179
0.086108
0.091933
0.093077
0.084318
0.076034
0.076991
0.097462
0.09742
0.097327
0.097191
0.097057
0.096994
0.09711
0.097557
0.098462
0.099874
0.10167
0.10307
0.10188
0.098343
0.098547
0.10302
0.11044
0.1234
0.15404
0.089495
0.080594
0.088444
0.096127
0.10305
0.10505
0.096231
0.087428
0.088095
0.094464
0.094493
0.09458
0.094711
0.09482
0.094851
0.094877
0.095104
0.095737
0.096866
0.098406
0.099711
0.098768
0.09541
0.09503
0.09854
0.10482
0.11598
0.14129
0.080219
0.0762
0.083968
0.090999
0.097161
0.098701
0.090288
0.081999
0.082372
-13.024
-63.074
0.28309
0
0.95824
18.875
