0.087127
0.087476
0.088576
0.090294
0.092042
0.093375
0.094503
0.095841
0.097668
0.10014
0.10324
0.10635
0.10734
0.10617
0.10905
0.11742
0.13138
0.15778
0.22684
0.12678
0.08044
0.092486
0.10787
0.12315
0.13225
0.12386
0.11113
0.11327
0.096565
0.096784
0.097494
0.09858
0.099641
0.10043
0.10116
0.1022
0.10374
0.10588
0.10852
0.11083
0.11047
0.10793
0.11009
0.11767
0.1299
0.15214
0.20735
0.10963
0.08131
0.094792
0.10897
0.1224
0.12935
0.11955
0.10671
0.1084
0.097132
0.097276
0.097896
0.098902
0.099944
0.10078
0.10157
0.10262
0.10416
0.10631
0.10907
0.11175
0.11215
0.11021
0.11221
0.11944
0.13156
0.15423
0.21337
0.12466
0.090411
0.1005
0.11312
0.12565
0.13222
0.1228
0.11052
0.11191
0.097599
0.097681
0.098238
0.099131
0.10004
0.10079
0.1015
0.10242
0.10374
0.10563
0.10807
0.11045
0.11064
0.10851
0.10994
0.11625
0.12696
0.14685
0.19837
0.11915
0.092257
0.10135
0.11264
0.12409
0.13009
0.1209
0.10873
0.1093
-10.345
-55.406
0.051167
0
0.11201
2.8976
