0.11894
0.119
0.1194
0.12029
0.12145
0.12246
0.12325
0.12412
0.12536
0.12711
0.12928
0.13101
0.12989
0.12664
0.12816
0.13471
0.14509
0.16381
0.21464
0.14236
0.11504
0.12184
0.13196
0.14252
0.14683
0.13447
0.11964
0.11892
0.11782
0.11787
0.11835
0.1194
0.12071
0.12175
0.12252
0.12338
0.12462
0.12636
0.12849
0.13019
0.12921
0.12627
0.1279
0.13434
0.14449
0.16293
0.21418
0.14464
0.1157
0.12179
0.13165
0.14211
0.1465
0.13459
0.12036
0.11993
0.11479
0.11493
0.11539
0.11628
0.11744
0.11852
0.1195
0.12065
0.1222
0.12427
0.12676
0.12876
0.12767
0.12406
0.12541
0.13231
0.14355
0.16401
0.21827
0.13773
0.10878
0.11702
0.12817
0.13954
0.14465
0.13289
0.11823
0.11776
0.1137
0.11379
0.11432
0.11537
0.11663
0.11766
0.11843
0.11926
0.12044
0.12215
0.12431
0.12613
0.1253
0.1222
0.12341
0.12956
0.13964
0.15821
0.20961
0.14089
0.11176
0.11763
0.12714
0.13729
0.14161
0.12981
0.11524
0.11415
-10.736
-56.555
0.16554
0
0.33754
8.3755
