0.075675
0.075898
0.076794
0.078261
0.079855
0.081248
0.082578
0.084123
0.086074
0.088563
0.091602
0.09467
0.095955
0.095514
0.098754
0.10698
0.12052
0.1462
0.21508
0.12841
0.079633
0.088366
0.10217
0.11671
0.12601
0.11879
0.10645
0.10766
0.082372
0.082649
0.083563
0.084953
0.086332
0.087387
0.088319
0.089469
0.091072
0.093259
0.096016
0.098766
0.099522
0.098108
0.1002
0.10723
0.11915
0.14176
0.20289
0.12661
0.087256
0.094694
0.10642
0.11894
0.12649
0.1185
0.10602
0.10604
0.087831
0.088041
0.088749
0.089839
0.090924
0.091726
0.092393
0.093238
0.094511
0.096359
0.098753
0.10107
0.10133
0.099567
0.10141
0.1079
0.11864
0.1386
0.19184
0.11886
0.087457
0.095125
0.10605
0.11747
0.12377
0.11513
0.10301
0.10326
0.088937
0.089101
0.089727
0.090829
0.092141
0.093312
0.094304
0.095319
0.096612
0.098384
0.10065
0.10283
0.10293
0.10104
0.10276
0.10908
0.11947
0.13856
0.18841
0.11492
0.087613
0.095753
0.1065
0.1176
0.12362
0.11503
0.10323
0.10349
-11.258
-51.161
0.052288
0
0.97651
55.524
