0.08796
0.088216
0.089058
0.090408
0.091913
0.09329
0.094617
0.096106
0.097952
0.10031
0.10318
0.1059
0.10637
0.10493
0.10785
0.11614
0.12966
0.155
0.22252
0.1342
0.090273
0.099533
0.11307
0.12706
0.13508
0.12562
0.11175
0.11258
0.095533
0.095709
0.096505
0.097771
0.099041
0.099964
0.10067
0.10149
0.10278
0.10472
0.1073
0.10987
0.11033
0.10863
0.11059
0.11743
0.12881
0.15014
0.20791
0.13296
0.098477
0.10574
0.11696
0.12901
0.13576
0.12635
0.11294
0.11281
0.10347
0.10345
0.10382
0.10454
0.10532
0.10587
0.10634
0.10701
0.10809
0.10964
0.11152
0.11299
0.11209
0.10966
0.11147
0.11751
0.12674
0.14302
0.18471
0.11553
0.097312
0.10593
0.11638
0.12685
0.13154
0.12112
0.10867
0.10928
0.10383
0.10386
0.10417
0.10467
0.10518
0.10563
0.10619
0.10709
0.10848
0.11044
0.11286
0.11497
0.11451
0.11185
0.11346
0.12003
0.13071
0.15011
0.20052
0.12281
0.096859
0.10561
0.11669
0.12789
0.13331
0.12318
0.11046
0.11095
-10.337
-51.968
0.051746
1
0.91816
35.033
