0.11916
0.11956
0.11988
0.11978
0.11915
0.11832
0.11766
0.11744
0.11785
0.11898
0.12068
0.12191
0.11948
0.11273
0.10991
0.11256
0.11825
0.12728
0.13667
0.046909
0.077272
0.089509
0.09669
0.1017
0.10159
0.092638
0.085654
0.086967
0.11918
0.11915
0.11894
0.11855
0.1181
0.11776
0.11763
0.11786
0.11863
0.12006
0.12201
0.12356
0.12183
0.11662
0.11551
0.11951
0.12655
0.13786
0.15612
0.07266
0.087442
0.099129
0.10725
0.11353
0.1146
0.10635
0.099772
0.10126
0.11524
0.11537
0.11546
0.11529
0.1148
0.1142
0.11371
0.11352
0.11383
0.11474
0.11614
0.11708
0.11467
0.10857
0.1063
0.10901
0.11444
0.12298
0.13187
0.048458
0.076036
0.087595
0.094616
0.099721
0.10001
0.091684
0.085073
0.086545
0.11512
0.11517
0.11513
0.11477
0.11405
0.11324
0.11269
0.11266
0.1133
0.11459
0.11634
0.11752
0.1152
0.1093
0.10762
0.11111
0.11753
0.12773
0.1419
0.060227
0.081118
0.09306
0.10083
0.10664
0.1073
0.098496
0.091021
0.091913
-10.527
-52.876
0.20675
0
0.97651
26.267
