0.11695
0.11691
0.11674
0.11632
0.11574
0.1152
0.1149
0.115
0.11565
0.11694
0.11875
0.12018
0.11854
0.11369
0.1127
0.1165
0.12313
0.13377
0.1512
0.075955
0.088158
0.098565
0.10605
0.11196
0.11275
0.10403
0.096875
0.098133
0.11628
0.11624
0.11596
0.11534
0.11456
0.11401
0.11384
0.11408
0.11482
0.11616
0.11795
0.11924
0.11718
0.11174
0.11053
0.11438
0.12117
0.13206
0.14937
0.070573
0.085191
0.096363
0.10411
0.11011
0.1109
0.10194
0.094399
0.095473
0.11512
0.11501
0.11478
0.11451
0.11429
0.11414
0.11407
0.11427
0.11498
0.11632
0.11814
0.11947
0.11758
0.11266
0.11205
0.11632
0.12336
0.13454
0.15356
0.076128
0.086954
0.097654
0.10553
0.11185
0.11308
0.10488
0.098284
0.099999
0.11219
0.11214
0.11207
0.11181
0.1113
0.11068
0.11009
0.10972
0.10985
0.11064
0.11201
0.11314
0.11149
0.10656
0.10482
0.10745
0.11265
0.12097
0.13084
0.053514
0.075585
0.086067
0.092679
0.097578
0.097754
0.089451
0.08302
0.084673
-10.272
-52.26
0.205
0
0.98956
30.673
