0.099619
0.09985
0.10055
0.10154
0.10247
0.10319
0.10387
0.10479
0.10615
0.10813
0.1107
0.11293
0.11172
0.10634
0.10501
0.10972
0.1187
0.13417
0.16212
0.046678
0.064005
0.081279
0.092175
0.10068
0.10437
0.098748
0.093657
0.096674
0.10083
0.10106
0.10169
0.10251
0.10309
0.10331
0.10357
0.10433
0.10581
0.10806
0.11093
0.11338
0.11227
0.10715
0.10645
0.1119
0.12171
0.13857
0.17129
0.062085
0.069697
0.086301
0.097641
0.10673
0.11071
0.1046
0.098849
0.10174
0.097452
0.097607
0.098137
0.098904
0.099662
0.10029
0.10089
0.10167
0.10288
0.10473
0.10722
0.10952
0.10868
0.10356
0.10185
0.10598
0.11453
0.12989
0.1587
0.040927
0.056317
0.073898
0.084533
0.092592
0.096002
0.090863
0.086721
0.09052
0.097302
0.097429
0.097911
0.098749
0.099776
0.10077
0.10171
0.10276
0.10416
0.10613
0.1087
0.11107
0.11031
0.10547
0.10418
0.10856
0.11707
0.13192
0.15918
0.050557
0.065073
0.081115
0.091412
0.099463
0.1029
0.097539
0.092785
0.09556
-12.089
-51.483
0.16247
0
0.71343
27.669
