0.064583
0.064553
0.06443
0.064225
0.06404
0.064008
0.064186
0.064593
0.065246
0.066153
0.067218
0.067848
0.066388
0.063113
0.062636
0.065137
0.069233
0.075591
0.085305
0.037648
0.047577
0.05457
0.05938
0.063104
0.063854
0.05923
0.055491
0.056432
0.06368
0.063696
0.063519
0.063045
0.062384
0.061904
0.061861
0.062286
0.063114
0.064285
0.065693
0.066774
0.065822
0.06279
0.062348
0.065124
0.069947
0.07798
0.092522
0.035627
0.043214
0.051675
0.057477
0.062038
0.063583
0.059438
0.055735
0.056855
0.062872
0.062832
0.062708
0.062555
0.062519
0.062657
0.062888
0.06319
0.063663
0.064417
0.065409
0.066082
0.064821
0.061721
0.061135
0.063397
0.06722
0.073175
0.082276
0.0395
0.048009
0.054193
0.058548
0.061998
0.062639
0.057972
0.054029
0.054702
0.062115
0.062092
0.06217
0.062299
0.062378
0.062373
0.062385
0.06256
0.063002
0.063748
0.064736
0.065494
0.064515
0.061522
0.060406
0.06185
0.064706
0.069237
0.075742
0.041573
0.048582
0.053324
0.056759
0.059469
0.059599
0.054969
0.051232
0.051686
-16.966
-52.65
0.43743
0
0.78861
9.6811
