0.11523
0.11528
0.11523
0.11488
0.11424
0.11356
0.11309
0.11299
0.11344
0.11454
0.11615
0.11739
0.11546
0.10986
0.10785
0.11078
0.11668
0.12644
0.14005
0.053089
0.075495
0.087517
0.095049
0.10055
0.10102
0.092576
0.085844
0.087355
0.11459
0.11454
0.11437
0.11395
0.11338
0.11292
0.11274
0.11297
0.11373
0.11513
0.11702
0.11847
0.11666
0.1114
0.11018
0.11399
0.12071
0.1314
0.14814
0.070596
0.084952
0.09578
0.10339
0.10941
0.11037
0.10178
0.094607
0.095916
0.1116
0.11138
0.11109
0.11059
0.1099
0.10923
0.10867
0.10831
0.10832
0.10882
0.10974
0.11025
0.10802
0.103
0.10143
0.10398
0.10878
0.11619
0.12328
0.048669
0.073164
0.083318
0.089637
0.094349
0.094501
0.086388
0.080299
0.082529
0.11163
0.11157
0.11135
0.1109
0.11031
0.1098
0.10955
0.10975
0.11052
0.11191
0.11374
0.115
0.11297
0.10781
0.10695
0.11094
0.11763
0.12815
0.14522
0.070659
0.083468
0.094212
0.10195
0.10807
0.1092
0.10113
0.094523
0.095938
-10.853
-52.209
0.20652
0
0.4879
12.606
