0.1094
0.10954
0.11007
0.11082
0.11146
0.11189
0.11233
0.11298
0.11398
0.11539
0.11708
0.11823
0.11668
0.1131
0.1138
0.119
0.12735
0.14203
0.17945
0.11698
0.10096
0.10769
0.1164
0.12552
0.12916
0.11742
0.10292
0.1017
0.11055
0.11058
0.1109
0.1115
0.11217
0.11278
0.11346
0.11442
0.11579
0.11757
0.11963
0.12115
0.1199
0.11676
0.11835
0.12481
0.135
0.15342
0.20409
0.13888
0.11041
0.11625
0.12588
0.13634
0.141
0.12885
0.11307
0.11117
0.11029
0.11033
0.11063
0.11114
0.11166
0.11211
0.11259
0.11327
0.11431
0.11579
0.11759
0.11893
0.11761
0.11415
0.11489
0.12023
0.12895
0.14466
0.18672
0.12458
0.1034
0.10943
0.11819
0.12748
0.13125
0.11955
0.10502
0.1035
0.10567
0.10562
0.10597
0.1072
0.10929
0.1114
0.11295
0.11401
0.11497
0.1162
0.11783
0.11932
0.1188
0.1165
0.11769
0.12295
0.13156
0.14748
0.19264
0.13343
0.10748
0.11227
0.12083
0.13033
0.13471
0.12422
0.11088
0.10973
-11.438
-51.523
0.16678
0
0.63825
22.757
