0.11285
0.11301
0.11365
0.11472
0.11583
0.11665
0.11724
0.11791
0.1189
0.12036
0.12219
0.12362
0.1224
0.119
0.11977
0.12528
0.13444
0.15118
0.19561
0.12656
0.10478
0.11184
0.12137
0.13128
0.13537
0.12325
0.10812
0.1068
0.11321
0.11347
0.11422
0.11544
0.11676
0.11775
0.11842
0.11905
0.11995
0.12133
0.12315
0.12469
0.12368
0.12026
0.12082
0.12621
0.13544
0.15247
0.19721
0.12387
0.10219
0.10974
0.11945
0.12935
0.13339
0.12149
0.10683
0.10575
0.11486
0.11495
0.1154
0.11625
0.1172
0.11793
0.11857
0.11943
0.12076
0.12261
0.12479
0.12634
0.12484
0.12136
0.12309
0.12996
0.14064
0.15983
0.2131
0.14572
0.11506
0.12101
0.13118
0.14228
0.14739
0.13517
0.11932
0.11782
0.11305
0.11327
0.1139
0.11493
0.11607
0.11695
0.11757
0.1182
0.11917
0.12065
0.1226
0.12425
0.12326
0.11978
0.12032
0.12571
0.13484
0.15166
0.19726
0.1304
0.10645
0.11268
0.12182
0.13143
0.13531
0.12339
0.10872
0.10733
-10.694
-53.928
0.16813
0
0.93476
32.637
