0.11532
0.11528
0.11556
0.11636
0.1176
0.11885
0.11991
0.12092
0.12214
0.12375
0.12569
0.12715
0.12594
0.12305
0.12498
0.13169
0.14203
0.16066
0.2136
0.15035
0.11858
0.12325
0.13264
0.14317
0.14774
0.13514
0.11943
0.11822
0.11632
0.1165
0.11702
0.11786
0.11873
0.11939
0.11997
0.12077
0.12204
0.12385
0.12606
0.12774
0.12636
0.12274
0.12424
0.13109
0.14197
0.16159
0.21526
0.14436
0.1141
0.12057
0.13096
0.14209
0.14702
0.13442
0.11833
0.11683
0.11303
0.11322
0.11383
0.11478
0.11571
0.11633
0.11671
0.11715
0.11793
0.11921
0.12087
0.1221
0.12059
0.11683
0.1173
0.12248
0.13111
0.1468
0.18872
0.12409
0.10335
0.10978
0.11878
0.12826
0.13215
0.12037
0.10559
0.10402
0.1103
0.11051
0.11121
0.11233
0.11347
0.11425
0.11476
0.11535
0.1163
0.11775
0.11961
0.12105
0.11972
0.11597
0.11647
0.12189
0.13104
0.14779
0.19191
0.12214
0.1006
0.1079
0.11752
0.1275
0.13189
0.12051
0.10589
0.10449
-11.069
-53.547
0.16749
0
0.95824
35.983
