0.085797
0.086191
0.087358
0.089128
0.090911
0.092305
0.093521
0.094937
0.096811
0.099312
0.10248
0.10578
0.10716
0.10629
0.10902
0.11714
0.1309
0.15715
0.22678
0.13203
0.085155
0.095286
0.1094
0.12372
0.13219
0.12386
0.1115
0.11331
0.094571
0.094784
0.09547
0.096518
0.097523
0.098239
0.098922
0.09993
0.10144
0.1035
0.10598
0.10803
0.10736
0.10473
0.10696
0.11448
0.12641
0.14785
0.20054
0.10581
0.080238
0.093612
0.10746
0.12056
0.1273
0.11751
0.10461
0.106
0.099474
0.099588
0.10008
0.101
0.10204
0.10284
0.10352
0.10441
0.10576
0.10764
0.10992
0.11176
0.11082
0.10784
0.10964
0.11652
0.12744
0.14684
0.19349
0.1011
0.082653
0.095767
0.1086
0.12039
0.12572
0.11538
0.1031
0.1046
0.10165
0.10175
0.10216
0.10288
0.10364
0.10419
0.10472
0.10558
0.10694
0.10881
0.11102
0.1127
0.11159
0.10857
0.11028
0.11688
0.12724
0.14557
0.18962
0.10214
0.0861
0.098404
0.11054
0.12176
0.12671
0.11648
0.10445
0.10562
-12.975
-54.266
0.050667
0
0.93476
40.607
