0.11307
0.11317
0.11373
0.11469
0.11575
0.11653
0.11706
0.11758
0.11837
0.11961
0.12124
0.12251
0.12125
0.11781
0.11839
0.12353
0.13209
0.14753
0.18738
0.12003
0.10252
0.10967
0.1187
0.12797
0.13158
0.11987
0.10579
0.10495
0.11556
0.11552
0.11584
0.11677
0.11813
0.11939
0.12039
0.12138
0.12267
0.1244
0.12652
0.12822
0.12723
0.1243
0.12599
0.13249
0.14267
0.16098
0.21069
0.13856
0.11175
0.11861
0.12871
0.13923
0.14364
0.13181
0.1177
0.11739
0.11377
0.11384
0.11424
0.11508
0.11618
0.11716
0.118
0.11895
0.12025
0.12202
0.12414
0.12574
0.12441
0.12099
0.1225
0.12907
0.13941
0.15781
0.20662
0.13457
0.10948
0.11678
0.12696
0.13749
0.14197
0.13018
0.11582
0.1152
0.10858
0.10875
0.10944
0.11061
0.1119
0.11288
0.11351
0.11408
0.11488
0.11612
0.11777
0.11912
0.11799
0.11456
0.11496
0.11999
0.12862
0.14435
0.18398
0.11113
0.094654
0.10281
0.11225
0.12175
0.12582
0.11521
0.10217
0.1017
-10.987
-59.656
0.16725
0
0.63825
21.338
