0.10132
0.10123
0.10111
0.10098
0.1009
0.10088
0.10102
0.10147
0.10235
0.10371
0.10544
0.10675
0.10546
0.10189
0.10215
0.10664
0.11397
0.12661
0.15559
0.088762
0.082454
0.090785
0.098551
0.10537
0.10713
0.09835
0.090154
0.0913
0.098446
0.098431
0.098488
0.098488
0.098345
0.098146
0.098041
0.098164
0.098644
0.099556
0.10081
0.10168
0.10007
0.096031
0.095275
0.098439
0.10407
0.11356
0.13195
0.07071
0.075171
0.083471
0.0901
0.095647
0.096522
0.087724
0.079607
0.080397
0.097394
0.097359
0.097329
0.097255
0.097128
0.097
0.096955
0.097136
0.097714
0.098786
0.10026
0.10144
0.10023
0.096678
0.096397
0.10002
0.10619
0.11666
0.13884
0.079133
0.07854
0.086256
0.093016
0.098881
0.10001
0.091161
0.082862
0.083497
0.096129
0.096091
0.096129
0.096168
0.096135
0.09603
0.095938
0.096028
0.096492
0.097445
0.098806
0.09989
0.098653
0.095062
0.094579
0.09789
0.10364
0.11337
0.13334
0.075208
0.07632
0.083883
0.090398
0.096107
0.097337
0.088879
0.080733
0.081235
-12.012
-60.629
0.2851
0
0.95824
20.901
