0.044857
0.044872
0.044921
0.044886
0.044685
0.04441
0.044243
0.044337
0.044775
0.045564
0.046617
0.047517
0.046976
0.04469
0.044025
0.04578
0.049222
0.055276
0.067076
0.026181
0.029271
0.03522
0.03942
0.042828
0.044027
0.040692
0.037515
0.038468
0.046845
0.04669
0.046295
0.045639
0.044977
0.04463
0.044602
0.044752
0.04503
0.045456
0.045996
0.046301
0.045314
0.043049
0.042376
0.043597
0.045877
0.049515
0.054135
0.020451
0.029938
0.03459
0.037489
0.039572
0.039551
0.035865
0.033105
0.033973
0.045618
0.045795
0.046142
0.046428
0.046393
0.046077
0.045748
0.045617
0.045774
0.046227
0.046901
0.047429
0.046705
0.044501
0.043634
0.04464
0.046727
0.050133
0.054771
0.025919
0.032771
0.036681
0.039265
0.041153
0.040921
0.03688
0.033708
0.03423
0.048585
0.048448
0.048074
0.047492
0.046891
0.046456
0.046218
0.0462
0.046464
0.047035
0.047842
0.048511
0.047985
0.046228
0.045997
0.047628
0.050421
0.055086
0.063946
0.032744
0.035605
0.039936
0.043195
0.045741
0.046091
0.042524
0.039723
0.040394
-19.765
-51.337
0.42649
0
0.4879
3.5634
