0.11142
0.1115
0.11196
0.11279
0.11372
0.11444
0.11497
0.11555
0.11643
0.11774
0.11939
0.12056
0.11901
0.11538
0.11614
0.12157
0.13039
0.14618
0.1881
0.12498
0.10448
0.11093
0.12008
0.12985
0.13411
0.12248
0.10752
0.10583
0.10944
0.10972
0.11056
0.11181
0.11294
0.11361
0.11411
0.11485
0.11603
0.11767
0.11962
0.12108
0.11985
0.11658
0.1178
0.12383
0.1336
0.15142
0.20001
0.134
0.10766
0.11385
0.12338
0.13362
0.13824
0.12645
0.11101
0.10909
0.11088
0.11091
0.11122
0.11196
0.11296
0.11391
0.11489
0.1162
0.11796
0.12015
0.12258
0.12436
0.12316
0.11993
0.12161
0.12826
0.13866
0.15734
0.20764
0.13538
0.10857
0.11589
0.12631
0.13702
0.14145
0.12915
0.1142
0.11352
0.10815
0.10836
0.10905
0.11025
0.11158
0.11257
0.11325
0.11399
0.11509
0.11667
0.11862
0.1201
0.11884
0.11554
0.11684
0.12301
0.13289
0.15081
0.19992
0.13485
0.10766
0.1137
0.12329
0.13361
0.13826
0.12673
0.11187
0.11035
-10.613
-51.363
0.16673
0
0.78861
29.145
