0.12172
0.12171
0.12139
0.12054
0.11929
0.11819
0.11764
0.11778
0.11865
0.12023
0.12237
0.1241
0.12248
0.11725
0.11615
0.12039
0.12799
0.14064
0.16275
0.071066
0.084613
0.097415
0.10609
0.11265
0.11396
0.10607
0.099885
0.10164
0.11768
0.11762
0.11744
0.11711
0.11666
0.11622
0.11598
0.11619
0.11704
0.1186
0.1207
0.12234
0.12061
0.11534
0.11421
0.11825
0.12536
0.13681
0.15532
0.069971
0.085271
0.097273
0.10557
0.11202
0.11335
0.10547
0.099158
0.10079
0.11596
0.11593
0.11585
0.11558
0.11509
0.11457
0.11432
0.11456
0.11541
0.11689
0.11882
0.12023
0.11835
0.11319
0.11225
0.11629
0.12324
0.13426
0.15133
0.0687
0.085191
0.096978
0.10505
0.1113
0.11249
0.10455
0.098115
0.099575
0.11275
0.11281
0.11277
0.11235
0.11149
0.11055
0.10987
0.10971
0.11022
0.11143
0.11317
0.11452
0.11266
0.10706
0.10508
0.10815
0.1143
0.1244
0.1379
0.04339
0.070603
0.083633
0.091561
0.097425
0.098521
0.091056
0.085146
0.087213
-10.574
-49.748
0.20688
0
0.97651
31.859
