0.094659
0.09455
0.094486
0.094656
0.095156
0.095769
0.096259
0.096697
0.097355
0.09847
0.10005
0.10143
0.10048
0.097051
0.096821
0.10072
0.10757
0.11975
0.14804
0.084579
0.07788
0.085803
0.09337
0.10028
0.10257
0.094323
0.085723
0.086208
0.096278
0.096241
0.096202
0.095943
0.095325
0.094589
0.094158
0.094305
0.095079
0.096402
0.098076
0.099335
0.098074
0.094614
0.094891
0.09939
0.10685
0.11985
0.15018
0.086107
0.077756
0.085678
0.09326
0.10006
0.10199
0.09298
0.083792
0.08428
0.094918
0.094854
0.094793
0.094692
0.094504
0.094296
0.094266
0.094642
0.095553
0.097
0.098824
0.10028
0.099226
0.095829
0.095971
0.10031
0.10764
0.12063
0.15182
0.089359
0.079296
0.086828
0.094429
0.10141
0.10361
0.094886
0.085774
0.086143
0.092497
0.092501
0.09252
0.092435
0.092209
0.091965
0.09182
0.091867
0.09222
0.09297
0.094059
0.094884
0.09363
0.090358
0.090005
0.093127
0.098558
0.10788
0.12711
0.068899
0.070165
0.07761
0.083825
0.089134
0.090025
0.081558
0.073573
0.074221
-23.162
-53.179
0.2839
0
0.56308
8.9541
