0.12706
0.12699
0.12701
0.12718
0.12748
0.12776
0.12797
0.12834
0.12912
0.13042
0.13214
0.1335
0.13224
0.12874
0.12931
0.1344
0.1428
0.15826
0.20302
0.14591
0.12035
0.1245
0.13237
0.14084
0.14325
0.12977
0.11447
0.11264
0.11586
0.11612
0.11686
0.11798
0.11909
0.11988
0.12043
0.12102
0.12192
0.12332
0.12514
0.1266
0.12529
0.12145
0.12187
0.1274
0.13691
0.15432
0.19838
0.1191
0.10012
0.10896
0.11914
0.12924
0.13328
0.12123
0.10656
0.10591
0.11573
0.11594
0.11664
0.11782
0.11913
0.12015
0.1209
0.12168
0.12276
0.12435
0.1264
0.12814
0.12722
0.12387
0.12467
0.13043
0.14013
0.15808
0.20668
0.13557
0.10995
0.11666
0.12635
0.13651
0.14077
0.1287
0.11375
0.11255
0.11542
0.11557
0.11618
0.11736
0.1188
0.11998
0.12094
0.12202
0.12352
0.12555
0.12799
0.12995
0.1289
0.12549
0.127
0.13392
0.14513
0.16573
0.22187
0.14411
0.1123
0.11962
0.13057
0.142
0.1472
0.13528
0.12025
0.1195
-10.784
-59.418
0.16478
0
0.36761
11.93
