0.065855
0.065986
0.066192
0.06634
0.0663
0.066124
0.065986
0.066046
0.066415
0.067142
0.068152
0.068919
0.067839
0.064776
0.063978
0.066079
0.069938
0.076244
0.086067
0.036903
0.046946
0.053852
0.058459
0.061961
0.06244
0.057372
0.053175
0.05395
0.065922
0.066002
0.066127
0.066149
0.065971
0.065682
0.065449
0.065431
0.065766
0.06652
0.067609
0.068459
0.067327
0.063941
0.062841
0.064844
0.068747
0.075267
0.085903
0.035731
0.045233
0.052408
0.057311
0.061197
0.062155
0.057337
0.052959
0.053674
0.064126
0.064049
0.063914
0.063688
0.063453
0.063363
0.063492
0.063872
0.064551
0.065576
0.066893
0.067991
0.067245
0.06447
0.063989
0.066541
0.071073
0.078626
0.092454
0.042215
0.04762
0.054674
0.05983
0.064067
0.065354
0.060751
0.056644
0.057719
0.064849
0.064867
0.064844
0.064649
0.06428
0.063946
0.063832
0.064021
0.064563
0.065487
0.066716
0.06771
0.0668
0.063795
0.063117
0.065498
0.069825
0.077059
0.090123
0.040466
0.046417
0.053338
0.058273
0.062221
0.063206
0.058444
0.054263
0.055125
-15.908
-56.938
0.42875
1
0.87212
9.6828
