0.086272
0.086532
0.08753
0.089083
0.090615
0.091771
0.092803
0.094088
0.095841
0.098178
0.10109
0.10399
0.1049
0.10379
0.10647
0.11423
0.12714
0.15158
0.21698
0.1291
0.085995
0.095356
0.10886
0.12281
0.13113
0.12286
0.11041
0.11183
0.09058
0.090807
0.0916
0.092824
0.094075
0.095089
0.096026
0.097182
0.098786
0.10099
0.10377
0.10651
0.10712
0.10555
0.10776
0.11507
0.12727
0.15012
0.21116
0.13028
0.09268
0.10089
0.11294
0.12558
0.13276
0.12377
0.11084
0.11128
0.097348
0.097434
0.097835
0.098503
0.099235
0.099914
0.10068
0.10171
0.10314
0.10504
0.10733
0.10926
0.1087
0.10622
0.10808
0.11481
0.12563
0.14526
0.19524
0.11406
0.089238
0.099289
0.11093
0.12232
0.12789
0.11823
0.10609
0.10701
0.10057
0.1006
0.1009
0.10147
0.10211
0.10267
0.10326
0.10415
0.10547
0.10727
0.1094
0.11109
0.11018
0.1074
0.10905
0.11536
0.12526
0.14287
0.18676
0.10852
0.089779
0.099905
0.11109
0.12191
0.12691
0.11706
0.10512
0.10591
-10.403
-56.638
0.050619
1
0.88632
26.563
