0.11153
0.11178
0.11252
0.11372
0.11502
0.11602
0.11673
0.11745
0.11846
0.11994
0.12183
0.12339
0.1224
0.11911
0.1198
0.12518
0.1342
0.15066
0.19459
0.1274
0.10553
0.11217
0.12137
0.13099
0.13491
0.1231
0.10849
0.10709
0.11501
0.11525
0.11587
0.11692
0.11812
0.11908
0.11979
0.12054
0.1216
0.12311
0.125
0.12646
0.12524
0.12211
0.12355
0.1297
0.13941
0.15712
0.2081
0.14761
0.11695
0.12125
0.13001
0.13973
0.1436
0.13106
0.11574
0.11417
0.113
0.11308
0.1135
0.11429
0.11518
0.1159
0.11655
0.11743
0.11875
0.12053
0.12262
0.1241
0.12263
0.11919
0.12078
0.12741
0.13776
0.1563
0.20731
0.14113
0.11244
0.1184
0.12825
0.13889
0.1436
0.13138
0.11581
0.11432
0.10634
0.10675
0.10777
0.10926
0.11068
0.11159
0.11213
0.11267
0.11357
0.11504
0.11701
0.11868
0.1176
0.11374
0.11392
0.11925
0.12862
0.14595
0.19019
0.11304
0.092365
0.10089
0.111
0.12125
0.12602
0.11541
0.10159
0.10082
-10.43
-52.152
0.1666
0
0.95824
36.766
