0.081066
0.081444
0.082627
0.084455
0.086295
0.087702
0.088921
0.090359
0.092242
0.094678
0.09764
0.1005
0.10128
0.10034
0.1037
0.11242
0.12665
0.15348
0.22412
0.12645
0.076574
0.08817
0.10393
0.1199
0.12991
0.12191
0.10834
0.10972
0.084454
0.084713
0.085668
0.087101
0.088521
0.08968
0.090798
0.09218
0.094033
0.096493
0.099554
0.10261
0.10364
0.10268
0.10565
0.11393
0.12758
0.15331
0.22285
0.13968
0.093356
0.10129
0.11455
0.12889
0.13775
0.12906
0.11503
0.11522
0.093583
0.093567
0.094085
0.095174
0.096458
0.097508
0.098382
0.099362
0.10064
0.10232
0.10432
0.10601
0.10573
0.10437
0.10705
0.11383
0.12425
0.14308
0.1918
0.11427
0.089558
0.099198
0.11091
0.12263
0.1286
0.11913
0.10707
0.10846
0.097889
0.097907
0.098305
0.099111
0.10005
0.1008
0.10143
0.10224
0.10341
0.10501
0.10695
0.10846
0.10761
0.10537
0.10754
0.11402
0.12383
0.14102
0.18389
0.10854
0.090352
0.10034
0.11174
0.12301
0.12838
0.11818
0.10546
0.10617
-10.548
-63.137
0.051855
2
0.87212
24.164
