0.10954
0.10969
0.11028
0.11139
0.11273
0.1138
0.11457
0.11535
0.11643
0.11794
0.11978
0.12119
0.12007
0.11713
0.11844
0.12422
0.13342
0.15021
0.19795
0.13959
0.11195
0.11661
0.12532
0.135
0.1392
0.12749
0.11257
0.11079
0.10816
0.10832
0.10889
0.10981
0.11076
0.11145
0.11196
0.11259
0.1136
0.11508
0.11692
0.11831
0.11705
0.11359
0.11431
0.11971
0.12863
0.14481
0.18787
0.12323
0.10178
0.10835
0.1175
0.12711
0.13123
0.11994
0.10562
0.10411
0.10779
0.10794
0.10849
0.10953
0.1108
0.11188
0.11277
0.11376
0.11508
0.11684
0.11894
0.12054
0.11939
0.1163
0.11792
0.12443
0.13468
0.15326
0.20424
0.13603
0.10699
0.1131
0.12287
0.1333
0.13803
0.12679
0.1126
0.11173
0.10702
0.10704
0.10737
0.10809
0.10901
0.10983
0.11054
0.11142
0.11268
0.11443
0.11655
0.11824
0.1173
0.11443
0.11604
0.12243
0.13256
0.1509
0.2012
0.1352
0.10677
0.11276
0.12247
0.13297
0.13788
0.12659
0.11181
0.11037
-11.927
-51.829
0.16518
0
0.41272
14.321
