0.12465
0.12477
0.12518
0.12602
0.12705
0.12791
0.12864
0.12958
0.13098
0.13296
0.13536
0.13728
0.13613
0.13262
0.13417
0.14118
0.15243
0.17306
0.22981
0.15193
0.11992
0.12697
0.13778
0.14896
0.1534
0.14004
0.12413
0.12336
0.12396
0.12402
0.12437
0.12516
0.12619
0.12707
0.12779
0.12868
0.12999
0.13181
0.13399
0.13564
0.13438
0.13116
0.13297
0.13991
0.15084
0.17086
0.22711
0.15421
0.1215
0.12763
0.13794
0.14884
0.15318
0.13998
0.12423
0.12335
0.12185
0.12192
0.12231
0.1232
0.1244
0.12547
0.12635
0.12733
0.12868
0.13057
0.13291
0.13487
0.13404
0.13099
0.13263
0.13947
0.15045
0.17056
0.22566
0.14845
0.1176
0.12458
0.13517
0.14615
0.1506
0.13782
0.12269
0.12223
0.11953
0.11958
0.12
0.12094
0.12213
0.12316
0.12402
0.12503
0.12643
0.1283
0.13052
0.13217
0.13077
0.12731
0.12906
0.13613
0.14728
0.16737
0.22126
0.14339
0.11461
0.12232
0.13316
0.14428
0.14887
0.13623
0.12105
0.12058
-10.016
-60.377
0.16684
0
0.90605
31.173
