0.12827
0.12835
0.12882
0.12973
0.13082
0.13168
0.13232
0.13306
0.13424
0.13605
0.13842
0.14049
0.13972
0.13633
0.1375
0.1441
0.15505
0.17523
0.23053
0.15312
0.12272
0.12956
0.14002
0.15097
0.1554
0.14231
0.12674
0.12605
0.12704
0.12714
0.12774
0.12886
0.13012
0.13108
0.13175
0.13246
0.13353
0.13513
0.1372
0.13892
0.13777
0.13412
0.13505
0.14125
0.15152
0.17031
0.22085
0.14628
0.12064
0.1278
0.13786
0.14822
0.15205
0.13874
0.12319
0.12226
0.12349
0.12365
0.12414
0.12489
0.12563
0.12612
0.12641
0.12673
0.12737
0.1285
0.13005
0.13114
0.12931
0.12491
0.12491
0.12995
0.13856
0.15378
0.18911
0.1088
0.10036
0.11013
0.11978
0.12887
0.13165
0.11887
0.10476
0.10485
0.12205
0.12223
0.12278
0.12369
0.1247
0.12553
0.12618
0.1269
0.128
0.12965
0.13176
0.13344
0.132
0.12772
0.12813
0.13409
0.14419
0.1624
0.20817
0.12665
0.10758
0.11683
0.12743
0.13788
0.14198
0.12959
0.11481
0.11414
-10.322
-56.057
0.1672
0
0.83298
28.03
