0.097201
0.097411
0.097999
0.0989
0.099867
0.10072
0.10158
0.10273
0.10442
0.10681
0.10985
0.11258
0.1117
0.1063
0.10504
0.11015
0.11987
0.1368
0.16912
0.051862
0.063048
0.081023
0.092476
0.10131
0.10521
0.09998
0.095506
0.098871
0.094083
0.094312
0.09506
0.096167
0.097256
0.098065
0.098707
0.099473
0.10067
0.10252
0.10501
0.1073
0.10638
0.10122
0.099695
0.10408
0.11287
0.12849
0.15785
0.040697
0.055526
0.073392
0.084266
0.092559
0.096281
0.091512
0.087457
0.090996
0.093473
0.093709
0.094368
0.095347
0.096361
0.09722
0.098056
0.099145
0.10074
0.10303
0.10596
0.10866
0.10798
0.10289
0.10161
0.10652
0.11606
0.13295
0.16604
0.051588
0.059465
0.077163
0.08851
0.097335
0.10142
0.096524
0.092057
0.095253
0.092199
0.092449
0.093241
0.094361
0.095357
0.096044
0.096707
0.09771
0.099289
0.10156
0.10447
0.10717
0.10659
0.10168
0.10041
0.10518
0.11454
0.13124
0.16463
0.054316
0.059307
0.076311
0.087546
0.09648
0.10086
0.096309
0.091929
0.095086
-12.265
-56.619
0.16246
0
0.78861
27.826
