0.11532
0.1155
0.1161
0.11711
0.1182
0.11904
0.11968
0.12037
0.12138
0.12286
0.12473
0.12617
0.12474
0.12083
0.12131
0.12684
0.13613
0.15294
0.19628
0.12379
0.10433
0.11217
0.12189
0.13176
0.13575
0.12391
0.10941
0.10833
0.11603
0.11623
0.11678
0.1177
0.11874
0.11963
0.12042
0.12139
0.12278
0.12471
0.12708
0.12906
0.12814
0.12455
0.12539
0.13154
0.14192
0.16115
0.21347
0.14003
0.11156
0.11854
0.1288
0.13956
0.1443
0.13231
0.11705
0.11559
0.11398
0.11415
0.11471
0.11564
0.11669
0.11756
0.11833
0.11927
0.12062
0.12248
0.12474
0.12651
0.12529
0.12152
0.12243
0.12866
0.13893
0.1576
0.20742
0.1347
0.10882
0.11618
0.12648
0.13724
0.1421
0.13046
0.11551
0.11413
0.11257
0.11275
0.11332
0.11425
0.11528
0.11614
0.11689
0.11775
0.11894
0.12058
0.12255
0.12391
0.12216
0.11807
0.11891
0.12489
0.13452
0.15161
0.19641
0.12962
0.10835
0.11549
0.12509
0.13499
0.13895
0.1267
0.11161
0.11015
-10.712
-60.444
0.16795
0
0.87212
34.847
