0.11336
0.11344
0.11344
0.11313
0.11252
0.11188
0.11146
0.11139
0.11181
0.11281
0.11428
0.11528
0.11297
0.10699
0.10491
0.10799
0.11418
0.12439
0.13807
0.041001
0.069383
0.082551
0.090346
0.095935
0.09655
0.088418
0.082241
0.084671
0.11454
0.11457
0.11452
0.11413
0.11334
0.11249
0.11187
0.11166
0.112
0.11296
0.1144
0.11545
0.11335
0.10766
0.10552
0.10822
0.11374
0.12263
0.13276
0.045793
0.073642
0.085558
0.092687
0.097794
0.098077
0.089934
0.083773
0.085747
0.11404
0.11394
0.11378
0.11341
0.11282
0.1122
0.11162
0.11118
0.11109
0.11152
0.1124
0.11286
0.1104
0.10496
0.10304
0.1053
0.10964
0.11598
0.1193
0.051003
0.077113
0.08645
0.09198
0.09578
0.09491
0.086151
0.079905
0.081582
0.11266
0.11267
0.11255
0.11218
0.1116
0.11108
0.11081
0.11096
0.11167
0.11303
0.11491
0.1164
0.11472
0.10952
0.10811
0.11168
0.11825
0.12892
0.14551
0.064764
0.081035
0.09247
0.10024
0.10626
0.10732
0.099053
0.092026
0.09317
-10.619
-51.558
0.20551
0
0.71343
18.507
