0.11784
0.11798
0.11853
0.11946
0.1205
0.12131
0.12189
0.12253
0.12351
0.12495
0.12675
0.12811
0.12676
0.12324
0.12408
0.1297
0.13894
0.15585
0.20237
0.13654
0.11156
0.11755
0.12686
0.13679
0.1408
0.12837
0.11306
0.11154
0.11962
0.1196
0.12002
0.12104
0.12238
0.12348
0.12427
0.12503
0.12609
0.12762
0.12959
0.13135
0.13101
0.12912
0.13123
0.13774
0.14814
0.16781
0.22563
0.15861
0.12204
0.12618
0.13537
0.14549
0.1494
0.13645
0.1212
0.12047
0.11496
0.11518
0.11583
0.11685
0.11789
0.11865
0.11915
0.11967
0.1205
0.1218
0.12349
0.12476
0.1233
0.1195
0.11995
0.12523
0.13411
0.15022
0.19207
0.12227
0.10323
0.11063
0.12005
0.1297
0.13339
0.12096
0.10579
0.10458
0.11445
0.11465
0.11523
0.11616
0.11716
0.11794
0.11858
0.1194
0.12062
0.12234
0.12446
0.12614
0.12502
0.12149
0.12233
0.12821
0.138
0.15605
0.20541
0.13604
0.1093
0.11588
0.12574
0.13615
0.14072
0.12893
0.11395
0.11251
-10.035
-59.95
0.16696
0
0.33754
9.9025
