0.09334
0.09357
0.094235
0.095302
0.096465
0.097446
0.09839
0.099631
0.10143
0.10391
0.10703
0.10983
0.10902
0.10377
0.10275
0.10815
0.11829
0.13616
0.17181
0.050699
0.056231
0.075494
0.087699
0.097047
0.10143
0.096988
0.093472
0.097646
0.09211
0.092342
0.092961
0.093919
0.094976
0.095941
0.096941
0.098239
0.10005
0.10252
0.10557
0.10822
0.10717
0.10168
0.10055
0.10591
0.11596
0.13356
0.16846
0.052869
0.05842
0.076688
0.088495
0.097661
0.10195
0.097165
0.092963
0.096548
0.091345
0.091503
0.091982
0.092598
0.093076
0.093338
0.093557
0.093986
0.094867
0.096367
0.098451
0.10033
0.099228
0.094157
0.092229
0.095515
0.10249
0.11479
0.13577
0.029998
0.053087
0.068242
0.077083
0.083569
0.085916
0.081115
0.077642
0.080856
0.091251
0.091384
0.091784
0.092395
0.093031
0.093551
0.094049
0.09476
0.095938
0.09776
0.1002
0.10244
0.10164
0.096936
0.095662
0.099769
0.1077
0.12145
0.14646
0.044772
0.05922
0.074124
0.083348
0.090196
0.092604
0.087478
0.083786
0.086772
-13.329
-59.63
0.16127
0
0.56308
18.734
