0.11441
0.11448
0.11446
0.11411
0.11341
0.11263
0.11201
0.11171
0.1119
0.1127
0.11398
0.11484
0.11255
0.1067
0.1045
0.10717
0.11272
0.12178
0.13208
0.037388
0.069199
0.081654
0.088729
0.09358
0.093494
0.085071
0.079089
0.081678
0.11229
0.11231
0.11231
0.11209
0.11156
0.11092
0.11038
0.11012
0.11031
0.11109
0.11234
0.1132
0.11106
0.10555
0.10358
0.10633
0.11195
0.12126
0.13303
0.041537
0.069309
0.081604
0.088874
0.094094
0.094525
0.086478
0.080443
0.082967
0.1142
0.11415
0.11395
0.1135
0.11285
0.11226
0.11188
0.11186
0.11233
0.1134
0.11492
0.11602
0.11407
0.10888
0.10734
0.11038
0.11592
0.12447
0.13468
0.062713
0.082763
0.093037
0.099816
0.10496
0.1053
0.096888
0.090025
0.090953
0.11367
0.11357
0.11327
0.11278
0.11225
0.11191
0.11187
0.11225
0.11317
0.11472
0.11677
0.11838
0.1167
0.11162
0.11064
0.11466
0.12158
0.13261
0.15023
0.068394
0.083432
0.095074
0.10319
0.10954
0.11088
0.10315
0.097006
0.09878
-10.704
-51.286
0.20844
0
0.87212
28.126
