0.097807
0.097799
0.097661
0.097363
0.097017
0.096844
0.096999
0.097562
0.098589
0.1001
0.10199
0.10347
0.10229
0.098636
0.098772
0.10335
0.11103
0.12437
0.15466
0.085002
0.078654
0.087666
0.095804
0.10293
0.10501
0.096297
0.087743
0.088714
0.098896
0.098802
0.098689
0.098589
0.098528
0.09851
0.098597
0.09893
0.099644
0.1008
0.1023
0.10344
0.10219
0.098847
0.099031
0.10312
0.1098
0.12126
0.14772
0.08888
0.082867
0.089938
0.0968
0.10287
0.10404
0.094957
0.086632
0.087495
0.094979
0.095042
0.095032
0.094751
0.094206
0.093777
0.093776
0.094248
0.095136
0.096394
0.097902
0.098949
0.097375
0.09321
0.09246
0.095909
0.10217
0.1131
0.13568
0.069189
0.071228
0.080609
0.088111
0.094406
0.095978
0.087474
0.078953
0.07931
0.096071
0.096003
0.095927
0.095803
0.095626
0.095486
0.095527
0.095891
0.096681
0.097932
0.099538
0.1008
0.099672
0.096266
0.096168
0.099958
0.10634
0.1174
0.14286
0.085661
0.080304
0.087282
0.093975
0.09994
0.10129
0.092761
0.084636
0.085222
-12.456
-58.774
0.28285
1
0.87212
14.34
