0.114
0.11405
0.1139
0.11322
0.11205
0.11091
0.11015
0.10988
0.11016
0.11104
0.1124
0.11337
0.11123
0.10554
0.10338
0.10607
0.1117
0.12107
0.13292
0.038623
0.067935
0.080544
0.087858
0.092976
0.093188
0.084907
0.078735
0.081129
0.11289
0.11294
0.11292
0.11262
0.11195
0.11119
0.11063
0.11046
0.11087
0.11192
0.11351
0.11478
0.11304
0.10778
0.10596
0.10887
0.11464
0.12405
0.13662
0.053506
0.075626
0.087119
0.094364
0.099732
0.10028
0.092195
0.085796
0.087417
0.11338
0.11335
0.11332
0.11311
0.1126
0.11193
0.11138
0.11124
0.11175
0.11302
0.11493
0.11664
0.11545
0.11085
0.10969
0.11333
0.12007
0.13131
0.15059
0.068772
0.081106
0.092305
0.10009
0.10618
0.10739
0.099631
0.093277
0.094785
0.1119
0.11181
0.11164
0.1112
0.11045
0.10964
0.10898
0.10862
0.10871
0.10934
0.11037
0.11097
0.1087
0.10345
0.10153
0.10364
0.10769
0.11347
0.11614
0.056933
0.079338
0.087777
0.093028
0.096751
0.095967
0.087413
0.081013
0.081993
-10.604
-50.867
0.2069
0
0.99739
28.347
