0.046017
0.04604
0.046087
0.046046
0.045876
0.045681
0.04559
0.045692
0.046066
0.046752
0.047687
0.048453
0.047795
0.04556
0.045082
0.046974
0.050484
0.056601
0.068829
0.029745
0.031674
0.037294
0.041444
0.044871
0.04611
0.042799
0.039559
0.040308
0.044756
0.044685
0.044543
0.044261
0.04388
0.043603
0.043603
0.043962
0.044678
0.045709
0.046955
0.048005
0.047588
0.045452
0.044981
0.046936
0.050604
0.057057
0.070459
0.031914
0.032145
0.037658
0.041913
0.045503
0.046881
0.043559
0.040271
0.041123
0.044331
0.044357
0.044432
0.044534
0.044595
0.044583
0.044591
0.044755
0.045171
0.045861
0.046766
0.047533
0.047058
0.045203
0.044917
0.046755
0.050085
0.055871
0.067394
0.030172
0.03221
0.037471
0.04135
0.044488
0.045425
0.042007
0.038888
0.039609
0.04855
0.048557
0.048505
0.048275
0.047857
0.047435
0.04719
0.047198
0.047482
0.04803
0.048767
0.049311
0.048552
0.046484
0.046079
0.047666
0.050422
0.054913
0.063159
0.033988
0.036723
0.040597
0.043569
0.045914
0.045997
0.041916
0.03867
0.039261
-18.37
-51.968
0.42726
0
0.87212
12.36
