0.063556
0.063568
0.06364
0.063734
0.063806
0.063849
0.063921
0.064142
0.064643
0.065499
0.066643
0.067528
0.06649
0.063387
0.062695
0.065145
0.069638
0.077172
0.090131
0.034622
0.043875
0.051965
0.05746
0.061862
0.063325
0.058891
0.054762
0.055814
0.063854
0.063843
0.063845
0.063834
0.063799
0.063772
0.063801
0.063962
0.06435
0.065033
0.065964
0.066678
0.065738
0.063044
0.062394
0.064315
0.067761
0.073247
0.08081
0.035535
0.046567
0.052871
0.057013
0.060148
0.06045
0.055586
0.051674
0.05248
0.063698
0.063695
0.063702
0.063665
0.063559
0.06344
0.063417
0.063628
0.064192
0.065158
0.06644
0.067474
0.066566
0.063561
0.062961
0.065496
0.070064
0.077744
0.091867
0.040132
0.046054
0.053551
0.058942
0.06333
0.064746
0.060167
0.055851
0.056677
0.062888
0.062892
0.062895
0.062776
0.062504
0.062215
0.062048
0.062087
0.062406
0.063047
0.063939
0.064583
0.063517
0.060748
0.060222
0.062397
0.066225
0.072436
0.082052
0.032999
0.043407
0.050384
0.055038
0.058659
0.059431
0.054799
0.050886
0.051903
-16.429
-56.29
0.43252
0
0.78861
9.2421
