0.096235
0.096405
0.096746
0.097002
0.096889
0.096461
0.096034
0.09592
0.09632
0.097286
0.098668
0.099699
0.098174
0.094085
0.093426
0.097044
0.10362
0.11522
0.13923
0.066091
0.06776
0.077749
0.085533
0.092028
0.093668
0.084939
0.076352
0.077383
0.099091
0.099092
0.099122
0.099146
0.099096
0.098974
0.098936
0.099207
0.099949
0.10121
0.10285
0.10412
0.10295
0.099599
0.099843
0.10415
0.11125
0.12357
0.15257
0.090998
0.083237
0.090675
0.098
0.10457
0.10611
0.096797
0.087811
0.088465
0.095692
0.095819
0.096046
0.096188
0.09612
0.095938
0.095788
0.095794
0.096098
0.096809
0.097871
0.098631
0.097069
0.093104
0.09219
0.095114
0.10056
0.10992
0.12738
0.060541
0.067238
0.075972
0.082415
0.087616
0.088206
0.07944
0.071656
0.073063
0.095207
0.095262
0.095386
0.0955
0.095529
0.095495
0.095504
0.095706
0.09627
0.097312
0.098786
0.10007
0.099138
0.09575
0.095218
0.098476
0.10435
0.11468
0.13783
0.08066
0.077468
0.084452
0.090885
0.096588
0.097704
0.088804
0.080152
0.080486
-11.577
-55.877
0.27981
0
0.71343
13.458
