0.096658
0.096589
0.096497
0.096437
0.096398
0.096323
0.096308
0.096597
0.097375
0.098682
0.10037
0.10172
0.10072
0.097608
0.097928
0.10212
0.10896
0.12079
0.14832
0.087454
0.08098
0.088517
0.095757
0.10218
0.10376
0.095051
0.086755
0.087548
0.095117
0.095069
0.095016
0.094973
0.094975
0.095045
0.095222
0.095616
0.096363
0.097544
0.099089
0.10035
0.099345
0.09618
0.096241
0.10015
0.10673
0.11825
0.14575
0.089135
0.081068
0.087615
0.094341
0.10053
0.10207
0.093276
0.08459
0.085013
0.09444
0.094451
0.094518
0.094657
0.094766
0.094702
0.094525
0.094505
0.094906
0.095837
0.097205
0.098374
0.097412
0.094122
0.093584
0.096664
0.10226
0.11216
0.13382
0.075785
0.07455
0.081845
0.088108
0.093367
0.094024
0.085282
0.077231
0.077635
0.094433
0.094343
0.094209
0.093848
0.093158
0.092356
0.091822
0.091845
0.092513
0.093743
0.095307
0.096446
0.09521
0.09202
0.092372
0.096566
0.10335
0.11493
0.1415
0.084377
0.0782
0.085276
0.09218
0.098488
0.10023
0.091612
0.082828
0.083128
-12.893
-51.803
0.28435
0
0.93476
19.603
