0.063827
0.063887
0.064023
0.064168
0.064252
0.064291
0.06439
0.064685
0.065304
0.066317
0.067658
0.068766
0.067871
0.064656
0.063786
0.066192
0.070749
0.0785
0.092414
0.037481
0.045049
0.053035
0.058582
0.063049
0.064574
0.060196
0.056055
0.05695
0.064021
0.064028
0.064027
0.063931
0.063731
0.063514
0.063355
0.063343
0.063614
0.064272
0.065279
0.066145
0.065253
0.06217
0.061032
0.062798
0.066442
0.072649
0.08242
0.030595
0.041705
0.048915
0.053609
0.057248
0.058063
0.053423
0.049437
0.050565
0.063804
0.064255
0.065103
0.065804
0.06567
0.0647
0.063561
0.062864
0.062869
0.06353
0.064596
0.06533
0.063817
0.059917
0.058659
0.060768
0.06482
0.071424
0.08129
0.027989
0.04142
0.049378
0.054504
0.058452
0.059395
0.054366
0.049605
0.050186
0.061618
0.061627
0.061662
0.061728
0.061821
0.061934
0.062093
0.062394
0.062959
0.063866
0.065065
0.066058
0.065282
0.062559
0.062042
0.064449
0.068798
0.07613
0.089283
0.037489
0.04443
0.051801
0.056894
0.060904
0.062009
0.057589
0.053755
0.054752
-16.309
-56.6
0.43739
0
0.83298
12.03
