0.097846
0.097407
0.096696
0.095796
0.095074
0.094824
0.094974
0.095397
0.096094
0.097104
0.098339
0.099151
0.09779
0.094858
0.095413
0.099476
0.10584
0.11662
0.14199
0.089383
0.082437
0.088488
0.094856
0.10079
0.10211
0.093202
0.08464
0.085304
0.09369
0.093635
0.093656
0.093818
0.094104
0.094368
0.094534
0.09473
0.095185
0.09605
0.097283
0.098277
0.09724
0.094278
0.094287
0.097816
0.10383
0.11438
0.13793
0.078108
0.07519
0.082696
0.089436
0.09533
0.096613
0.088011
0.07971
0.080223
0.094353
0.094336
0.094383
0.094502
0.094626
0.094684
0.094763
0.095092
0.095877
0.097191
0.098902
0.10024
0.099041
0.095514
0.095643
0.10001
0.10735
0.12025
0.15071
0.086611
0.077765
0.085674
0.093353
0.10028
0.1024
0.09386
0.085182
0.085765
0.093714
0.093517
0.093222
0.092863
0.092564
0.092469
0.092657
0.093191
0.094124
0.09547
0.097118
0.098383
0.097322
0.094274
0.09473
0.099088
0.10619
0.11851
0.14751
0.086416
0.078114
0.085435
0.092656
0.099212
0.1011
0.092656
0.084374
0.085272
-12.26
-53.293
0.28253
1
0.26236
1.9326
