0.081205
0.081458
0.08236
0.083692
0.084983
0.086059
0.087206
0.088683
0.09059
0.092994
0.095883
0.098665
0.09941
0.098378
0.10133
0.10929
0.12219
0.14627
0.20994
0.12351
0.081447
0.090983
0.10457
0.11871
0.12738
0.11942
0.10676
0.10802
0.087648
0.087819
0.088484
0.089579
0.090776
0.091819
0.092824
0.09403
0.095614
0.097692
0.10024
0.10262
0.10281
0.10105
0.10324
0.1103
0.12184
0.14311
0.19808
0.11425
0.08266
0.092766
0.10531
0.11797
0.12515
0.11667
0.10451
0.10549
0.089724
0.089867
0.09047
0.091392
0.092302
0.093044
0.093787
0.094765
0.096139
0.097995
0.10028
0.10236
0.10227
0.10016
0.10171
0.10785
0.11801
0.13673
0.18586
0.11591
0.089657
0.097608
0.10823
0.11932
0.12536
0.11647
0.10396
0.10365
0.096641
0.096787
0.097257
0.097825
0.098209
0.098407
0.098668
0.099238
0.10029
0.10193
0.10405
0.10598
0.10558
0.10291
0.1039
0.10952
0.11898
0.13636
0.18196
0.11472
0.091326
0.098783
0.10867
0.11892
0.12404
0.11453
0.1019
0.10132
-10.781
-51.04
0.05437
0
0.78861
34.1
