0.10406
0.10424
0.10473
0.10544
0.10613
0.10667
0.10726
0.10819
0.10969
0.11189
0.11468
0.11707
0.11587
0.11055
0.10967
0.11503
0.12482
0.14165
0.17344
0.057549
0.069248
0.086627
0.0979
0.10658
0.10999
0.10379
0.098639
0.10186
0.1035
0.1036
0.10397
0.10457
0.10525
0.10589
0.10655
0.10744
0.1088
0.11079
0.11339
0.11571
0.11471
0.10967
0.1086
0.11335
0.12215
0.13712
0.16403
0.056237
0.071284
0.087046
0.097354
0.10542
0.10863
0.10276
0.097848
0.10077
0.098585
0.098768
0.099396
0.10032
0.10121
0.10191
0.10261
0.10362
0.10516
0.10738
0.1102
0.11272
0.1118
0.10661
0.10546
0.11049
0.12007
0.13689
0.16949
0.055987
0.064832
0.082108
0.09348
0.10251
0.10671
0.10131
0.096139
0.099122
0.099699
0.099921
0.10055
0.10152
0.10252
0.10332
0.10407
0.10509
0.10665
0.10891
0.11177
0.1143
0.11328
0.10795
0.10679
0.11183
0.12131
0.13776
0.16899
0.054136
0.065837
0.083196
0.094338
0.10285
0.10622
0.10031
0.095464
0.098693
-11.954
-56.09
0.16053
0
0.71343
26.272
