0.098124
0.098396
0.099339
0.10089
0.10253
0.10381
0.1049
0.10619
0.10792
0.11025
0.11313
0.11584
0.11605
0.11419
0.11712
0.12585
0.14023
0.1675
0.23975
0.13674
0.088778
0.10069
0.11626
0.13171
0.14036
0.13003
0.11495
0.11598
0.10114
0.1013
0.10192
0.10294
0.10399
0.10479
0.10558
0.10669
0.10832
0.11053
0.11323
0.11563
0.11547
0.11324
0.11558
0.12321
0.13551
0.15802
0.21499
0.11817
0.088012
0.10055
0.11449
0.12788
0.13467
0.12437
0.11119
0.11292
0.10355
0.10368
0.10422
0.10503
0.10579
0.10639
0.10703
0.10796
0.10942
0.11153
0.11425
0.1169
0.11723
0.11515
0.11698
0.12408
0.13604
0.1584
0.21774
0.13431
0.10022
0.10888
0.12086
0.1333
0.14
0.13014
0.11665
0.11692
0.10879
0.10881
0.10902
0.10941
0.1099
0.11041
0.11107
0.11206
0.11352
0.1155
0.1179
0.11989
0.11906
0.11596
0.11751
0.12422
0.13498
0.1543
0.20324
0.12006
0.097632
0.10802
0.11992
0.13155
0.13692
0.12622
0.11323
0.11403
-9.7484
-51.259
0.050881
0
0.56308
29.33
