0.061607
0.061726
0.06184
0.061746
0.061357
0.060912
0.060684
0.060777
0.061203
0.061945
0.062896
0.063498
0.062066
0.058441
0.057163
0.05897
0.062637
0.068769
0.077468
0.020685
0.037463
0.045514
0.050282
0.053726
0.054362
0.049895
0.046182
0.047329
0.061045
0.061005
0.060961
0.06089
0.060845
0.060874
0.060956
0.061116
0.061475
0.062152
0.063109
0.063822
0.062731
0.059834
0.059286
0.061531
0.065379
0.071397
0.080489
0.036566
0.045354
0.051478
0.055721
0.059118
0.059765
0.055068
0.051122
0.052062
0.059874
0.05991
0.059973
0.059938
0.059734
0.059506
0.059454
0.059671
0.060183
0.060997
0.062043
0.062836
0.061881
0.059078
0.058451
0.060606
0.064534
0.071102
0.082343
0.034612
0.042651
0.049586
0.054289
0.057932
0.058795
0.054411
0.050607
0.051432
0.058522
0.058522
0.05861
0.058706
0.05871
0.058605
0.058473
0.058449
0.058681
0.059262
0.06016
0.060952
0.06026
0.057776
0.05703
0.058759
0.062083
0.067608
0.075983
0.030087
0.040346
0.046765
0.050979
0.054241
0.054967
0.050934
0.047561
0.048471
-15.964
-65.602
0.43546
0
0.4879
4.5373
