0.051109
0.051135
0.051209
0.051135
0.050725
0.050094
0.049562
0.049367
0.049577
0.050147
0.050968
0.051667
0.051183
0.049481
0.049366
0.051211
0.05434
0.059548
0.069493
0.035404
0.037972
0.042506
0.045966
0.048757
0.049274
0.045532
0.042452
0.043131
0.049664
0.049673
0.049646
0.049446
0.049049
0.048647
0.048423
0.048441
0.048724
0.049279
0.050049
0.050663
0.049968
0.047842
0.047357
0.049025
0.052099
0.057301
0.066722
0.030627
0.035089
0.040103
0.043651
0.046436
0.046979
0.043293
0.040187
0.040895
0.053427
0.053539
0.053903
0.054053
0.053504
0.052381
0.051214
0.050402
0.05012
0.050394
0.051154
0.052089
0.052076
0.050352
0.049462
0.05055
0.053259
0.058595
0.070654
0.036179
0.035204
0.039253
0.042433
0.045014
0.04552
0.041987
0.038941
0.039579
0.04735
0.04737
0.047296
0.046977
0.046448
0.045993
0.045797
0.045866
0.046179
0.046722
0.047429
0.047915
0.047025
0.04473
0.044231
0.04601
0.049341
0.055155
0.065975
0.021859
0.027419
0.033741
0.037817
0.040914
0.041775
0.038436
0.035597
0.036755
-18.808
-50.152
0.41955
0
0.56308
4.7781
