0.066611
0.066614
0.066557
0.066357
0.066043
0.065786
0.065726
0.065934
0.066462
0.067344
0.068503
0.069379
0.068309
0.065331
0.064924
0.067524
0.071878
0.078781
0.090133
0.041051
0.049233
0.056226
0.061181
0.065118
0.065999
0.061156
0.057152
0.058202
0.063535
0.06352
0.063476
0.063329
0.063153
0.063109
0.063226
0.063483
0.06395
0.064729
0.065804
0.066669
0.065694
0.062648
0.061805
0.063895
0.067778
0.074133
0.084174
0.034661
0.044434
0.051391
0.056119
0.059878
0.060841
0.056399
0.052565
0.053545
0.064629
0.064698
0.0648
0.064844
0.06475
0.064571
0.064465
0.064598
0.065089
0.065982
0.067187
0.068124
0.067105
0.064123
0.063726
0.066458
0.071151
0.078916
0.093259
0.041264
0.046737
0.054205
0.059629
0.064021
0.065362
0.06074
0.056579
0.057537
0.06432
0.064386
0.06448
0.064491
0.064292
0.063924
0.063603
0.063569
0.063968
0.064826
0.066019
0.066964
0.066019
0.063143
0.062709
0.065264
0.06968
0.076946
0.089857
0.040121
0.046851
0.054089
0.059241
0.063323
0.064341
0.059512
0.055284
0.056141
-15.761
-56.468
0.43399
0
0.83298
9.1065
