0.092641
0.092919
0.093854
0.095307
0.09676
0.097864
0.098854
0.10011
0.10187
0.10421
0.10708
0.10974
0.10996
0.1082
0.11101
0.11927
0.13261
0.15722
0.2203
0.12238
0.084925
0.097638
0.11272
0.12762
0.13608
0.12656
0.11278
0.1144
0.099159
0.099273
0.0999
0.10099
0.10216
0.10311
0.10397
0.10506
0.1066
0.10872
0.1114
0.11396
0.1143
0.11256
0.11483
0.12213
0.13411
0.15641
0.2148
0.1255
0.092108
0.10253
0.11558
0.12864
0.13562
0.12602
0.11324
0.1146
0.1006
0.10072
0.10125
0.10203
0.1027
0.10322
0.10385
0.10486
0.10639
0.10852
0.11113
0.11344
0.11305
0.11022
0.1118
0.11877
0.13032
0.15145
0.20592
0.12413
0.095821
0.10568
0.11787
0.13015
0.13652
0.12643
0.1129
0.11306
0.10552
0.10559
0.10595
0.10653
0.10713
0.10766
0.10826
0.10919
0.11062
0.11264
0.11513
0.11724
0.11658
0.11365
0.11539
0.12238
0.13363
0.15385
0.20508
0.1201
0.095236
0.10562
0.1177
0.12958
0.1353
0.12483
0.11173
0.11251
-10.144
-60.48
0.051764
0
0.97651
58.552
