0.10075
0.10096
0.10154
0.10239
0.10324
0.10396
0.10468
0.10571
0.10729
0.10956
0.11248
0.11508
0.11408
0.10857
0.10723
0.11232
0.12209
0.13926
0.17264
0.056039
0.06497
0.082775
0.094387
0.10346
0.10742
0.10164
0.096325
0.099276
0.099213
0.0995
0.10018
0.10098
0.10158
0.10195
0.1024
0.10319
0.10453
0.10653
0.10913
0.11139
0.11002
0.10397
0.10186
0.10615
0.11512
0.13121
0.16163
0.039382
0.055153
0.07395
0.085152
0.093519
0.097084
0.091918
0.087574
0.091132
0.099819
0.099956
0.10054
0.10151
0.10254
0.10335
0.10409
0.10508
0.10659
0.10878
0.11161
0.11416
0.11329
0.10821
0.10716
0.11222
0.12169
0.13815
0.16942
0.054973
0.066292
0.083496
0.094615
0.10321
0.10684
0.10139
0.096931
0.10035
0.098358
0.098606
0.099184
0.099988
0.10077
0.10142
0.10211
0.10314
0.10472
0.10703
0.10999
0.11269
0.11191
0.10666
0.10537
0.11035
0.11996
0.13686
0.16956
0.053316
0.063004
0.080714
0.092039
0.10076
0.10455
0.099232
0.094619
0.097782
-12.736
-60.772
0.15994
0
0.87212
30.275
