0.095656
0.095856
0.09644
0.097309
0.098188
0.0989
0.099583
0.10052
0.10197
0.10412
0.10694
0.10954
0.10879
0.10366
0.10229
0.10697
0.11607
0.132
0.16195
0.047807
0.06084
0.078088
0.088858
0.097048
0.10051
0.095486
0.091404
0.09467
0.09453
0.094738
0.095378
0.096316
0.097235
0.097957
0.098632
0.099523
0.10087
0.10286
0.10546
0.10781
0.10686
0.10163
0.10011
0.10453
0.11329
0.12871
0.15729
0.04282
0.058576
0.075967
0.086576
0.094532
0.097826
0.092856
0.088859
0.092051
0.090174
0.090448
0.091221
0.092324
0.093395
0.094233
0.095004
0.096006
0.097519
0.099744
0.10268
0.10549
0.10503
0.099912
0.098207
0.10269
0.11197
0.12874
0.1619
0.045059
0.052792
0.071254
0.08269
0.091504
0.095816
0.091634
0.087847
0.091424
0.090396
0.09061
0.091287
0.092387
0.093591
0.094599
0.095537
0.096743
0.098482
0.10091
0.10396
0.10673
0.10606
0.10105
0.10006
0.10532
0.11521
0.13265
0.16718
0.048879
0.055148
0.073908
0.085717
0.094731
0.098922
0.094554
0.091089
0.095029
-13.052
-56.776
0.16075
0
0.95824
36.248
