0.046606
0.046638
0.046664
0.046584
0.046371
0.046155
0.046077
0.046209
0.046596
0.047254
0.048129
0.048846
0.048215
0.046059
0.045526
0.047212
0.050366
0.055755
0.065618
0.027487
0.032176
0.037615
0.041431
0.044459
0.045249
0.041676
0.038488
0.039214
0.045458
0.045516
0.045611
0.045613
0.04545
0.045228
0.045103
0.045168
0.045483
0.046069
0.046876
0.047535
0.046858
0.044576
0.043812
0.045295
0.048341
0.053744
0.063454
0.020202
0.02714
0.033297
0.037185
0.040102
0.040837
0.037522
0.034764
0.035891
0.046167
0.046155
0.046081
0.045933
0.045777
0.045697
0.045706
0.045821
0.046114
0.046651
0.04741
0.048027
0.047392
0.045435
0.0451
0.046789
0.049741
0.054622
0.063604
0.031175
0.034433
0.038859
0.04214
0.044758
0.045208
0.041581
0.038597
0.039303
0.046464
0.046467
0.046361
0.045982
0.045388
0.044929
0.044803
0.044941
0.045244
0.045682
0.046225
0.046561
0.045638
0.043347
0.042558
0.043755
0.0462
0.050385
0.056766
0.019654
0.028555
0.033679
0.036803
0.039004
0.039064
0.035397
0.032588
0.033478
-18.948
-51.56
0.42152
0
0.41272
3.5884
