0.097567
0.097536
0.09756
0.097567
0.097496
0.097373
0.097289
0.097385
0.09783
0.098729
0.1
0.10094
0.099482
0.095689
0.095192
0.098618
0.1046
0.1148
0.13545
0.072018
0.074339
0.082795
0.089717
0.095599
0.096813
0.088211
0.080091
0.080883
0.097233
0.097218
0.097249
0.097253
0.097205
0.097137
0.097074
0.097119
0.097466
0.098278
0.099513
0.1005
0.099169
0.095357
0.094575
0.097639
0.1032
0.11269
0.13128
0.069028
0.072933
0.081143
0.087742
0.093342
0.094401
0.085897
0.077953
0.078815
0.095881
0.095967
0.096157
0.096247
0.096076
0.095734
0.095419
0.095323
0.095628
0.096433
0.097639
0.098515
0.096903
0.092729
0.091771
0.094821
0.10044
0.11005
0.12811
0.061392
0.067813
0.076847
0.083662
0.089287
0.090343
0.081895
0.074057
0.075215
0.094267
0.094289
0.094398
0.094488
0.094463
0.094338
0.094212
0.094248
0.094634
0.095481
0.096705
0.097632
0.096227
0.092397
0.091589
0.094601
0.10014
0.10971
0.12838
0.063641
0.068203
0.076736
0.083301
0.088726
0.089653
0.081324
0.073753
0.074982
-12.419
-56.346
0.283
0
0.4879
7.3993
