0.095049
0.095296
0.096011
0.09698
0.097837
0.098444
0.098995
0.099763
0.101
0.1029
0.10547
0.10784
0.10697
0.10167
0.09987
0.10407
0.11282
0.1286
0.15889
0.041103
0.054073
0.072086
0.082931
0.091074
0.094601
0.089771
0.08582
0.089446
0.096957
0.097103
0.097624
0.098477
0.099415
0.10021
0.10097
0.10194
0.10338
0.10545
0.1081
0.11043
0.10934
0.10416
0.10307
0.10794
0.11702
0.13269
0.16198
0.051805
0.064371
0.080956
0.091595
0.099767
0.10308
0.097553
0.093014
0.096125
0.091533
0.091726
0.092639
0.094117
0.095603
0.096596
0.097145
0.097626
0.098459
0.099943
0.1021
0.10415
0.10328
0.098564
0.097243
0.10142
0.10975
0.12454
0.15252
0.043047
0.055325
0.071571
0.081693
0.089566
0.093111
0.088425
0.084556
0.088315
0.092631
0.092805
0.093643
0.095098
0.096659
0.097777
0.098517
0.099319
0.10061
0.10264
0.10542
0.10811
0.10781
0.10359
0.10299
0.10815
0.11776
0.13476
0.16885
0.056175
0.060375
0.07736
0.088475
0.097118
0.10105
0.096465
0.092927
0.096891
-12.966
-58.517
0.16055
0
0.95824
36.24
