0.11713
0.11706
0.1168
0.11632
0.11574
0.11529
0.1151
0.1153
0.11605
0.11743
0.11931
0.12071
0.11879
0.11355
0.11251
0.11643
0.12312
0.13354
0.14949
0.07357
0.08825
0.099055
0.10673
0.1128
0.11378
0.1053
0.098281
0.09946
0.11556
0.11564
0.11548
0.11492
0.11407
0.11337
0.11316
0.11358
0.11469
0.11649
0.1188
0.12058
0.11873
0.11291
0.11139
0.11551
0.12309
0.13568
0.15745
0.067475
0.081214
0.094096
0.10304
0.11009
0.11194
0.10383
0.096615
0.097872
0.10992
0.11031
0.11054
0.11031
0.10962
0.10887
0.10842
0.10845
0.10918
0.11072
0.11298
0.11506
0.11387
0.10823
0.10606
0.10978
0.11782
0.13235
0.15936
0.042241
0.058546
0.075252
0.085305
0.092771
0.095268
0.088702
0.083265
0.086318
0.11127
0.11125
0.11111
0.11074
0.11021
0.10977
0.10957
0.10971
0.11031
0.11146
0.11301
0.11402
0.1118
0.10637
0.10502
0.10844
0.11445
0.12365
0.13549
0.063268
0.082224
0.092766
0.099873
0.10535
0.10591
0.0973
0.090131
0.091107
-10.765
-50.834
0.205
0
0.56308
14.802
