0.11098
0.11097
0.1109
0.11064
0.11016
0.10963
0.10922
0.10911
0.10952
0.11059
0.11222
0.11358
0.11203
0.10702
0.10528
0.10812
0.11365
0.12251
0.13391
0.056307
0.077134
0.087972
0.094979
0.10027
0.10095
0.093321
0.0872
0.08845
0.11057
0.11046
0.11033
0.11009
0.10969
0.10925
0.10888
0.10874
0.109
0.10978
0.11096
0.1117
0.10959
0.10463
0.10328
0.10608
0.11101
0.11819
0.12432
0.059778
0.081216
0.090474
0.096451
0.10091
0.10082
0.092695
0.0865
0.08769
0.11119
0.11112
0.11083
0.11033
0.10976
0.10933
0.1092
0.10952
0.11042
0.11195
0.11393
0.11543
0.11367
0.10861
0.10765
0.11161
0.11843
0.12934
0.1468
0.064821
0.080377
0.092185
0.10029
0.10656
0.10793
0.10053
0.0946
0.096237
0.10733
0.10731
0.10719
0.10684
0.10627
0.10572
0.10536
0.10531
0.10575
0.10674
0.10817
0.10914
0.10704
0.10172
0.10012
0.10308
0.10859
0.11721
0.12753
0.05031
0.073132
0.083997
0.09082
0.095878
0.096379
0.088712
0.082613
0.083971
-11.365
-50.551
0.20564
0
0.18719
3.5495
