0.11545
0.11539
0.11514
0.11467
0.11414
0.11376
0.11367
0.11395
0.11473
0.11606
0.11778
0.11893
0.11676
0.11141
0.11035
0.11419
0.12069
0.13072
0.14501
0.069332
0.086383
0.097273
0.10474
0.11048
0.11118
0.10276
0.095989
0.097166
0.11397
0.11396
0.11393
0.11375
0.1134
0.113
0.11272
0.11276
0.11335
0.1146
0.11641
0.1179
0.11637
0.11144
0.11024
0.11395
0.12073
0.13185
0.14989
0.067907
0.082671
0.094147
0.10204
0.10823
0.10944
0.10135
0.094592
0.096008
0.11151
0.11155
0.11146
0.11111
0.11053
0.10999
0.10975
0.10998
0.11085
0.11241
0.11454
0.11626
0.11462
0.10904
0.10724
0.11076
0.11754
0.12873
0.14621
0.058539
0.077022
0.089541
0.097881
0.10443
0.10614
0.098512
0.091766
0.093142
0.11318
0.11314
0.11307
0.11282
0.11232
0.11166
0.11112
0.11099
0.1115
0.11273
0.11456
0.11611
0.11479
0.11028
0.10935
0.11306
0.11959
0.13017
0.14766
0.071637
0.083726
0.094125
0.10153
0.10738
0.10843
0.10066
0.09442
0.095903
-10.615
-50.597
0.20657
0
0.83298
23.169
