0.11758
0.11773
0.11824
0.11925
0.12048
0.12143
0.12214
0.12299
0.12431
0.12618
0.12846
0.13025
0.12915
0.12589
0.12741
0.13406
0.14477
0.16461
0.2207
0.14953
0.11615
0.12207
0.13227
0.14309
0.1475
0.13453
0.11865
0.1174
0.11386
0.1139
0.11427
0.11513
0.11639
0.11762
0.1186
0.11945
0.12051
0.12202
0.12394
0.12549
0.1245
0.12161
0.1231
0.12929
0.13922
0.15753
0.21051
0.1485
0.11581
0.12017
0.12947
0.14
0.14475
0.13253
0.11681
0.11504
0.11347
0.1134
0.11359
0.1142
0.11511
0.11604
0.1169
0.11786
0.11912
0.12077
0.12274
0.12425
0.12321
0.12064
0.12273
0.12943
0.13977
0.15855
0.21196
0.14827
0.116
0.12067
0.12997
0.14032
0.14478
0.13237
0.11688
0.11568
0.1094
0.10949
0.10998
0.11092
0.11204
0.113
0.11373
0.11446
0.11546
0.1169
0.11869
0.12007
0.11892
0.11578
0.11678
0.12231
0.13131
0.14769
0.1925
0.1299
0.10609
0.11204
0.12117
0.13098
0.13521
0.12358
0.10881
0.10723
-10.385
-53.378
0.16556
0
0.56308
20.925
