0.046477
0.046562
0.046726
0.046901
0.046967
0.046851
0.046594
0.046333
0.046233
0.046404
0.046832
0.047197
0.046464
0.044381
0.043531
0.044434
0.046379
0.049632
0.054092
0.024921
0.031941
0.035867
0.038407
0.040225
0.040023
0.036253
0.03325
0.033582
0.044492
0.044577
0.044794
0.045186
0.045615
0.045835
0.045804
0.045716
0.045809
0.046224
0.046952
0.047664
0.047289
0.045532
0.045043
0.04643
0.049089
0.053729
0.06281
0.03175
0.034002
0.038074
0.041062
0.043344
0.043513
0.039895
0.036963
0.037373
0.042568
0.042456
0.042196
0.041807
0.041482
0.041445
0.041713
0.04218
0.042779
0.043504
0.044336
0.044977
0.044491
0.042986
0.043139
0.04522
0.048669
0.054557
0.066613
0.030493
0.0311
0.036095
0.039893
0.04299
0.043895
0.040516
0.037563
0.038486
0.039872
0.039619
0.039108
0.038508
0.038199
0.038371
0.038852
0.039473
0.040206
0.041099
0.042142
0.043034
0.042856
0.041738
0.042311
0.044863
0.048974
0.056111
0.071415
0.029642
0.027678
0.033892
0.038621
0.04256
0.044325
0.041648
0.039089
0.04048
-20.515
-51.482
0.43318
0
0.71343
9.909
