0.047253
0.047155
0.046968
0.04672
0.046527
0.046496
0.046644
0.046968
0.047485
0.048215
0.049116
0.049838
0.049299
0.04751
0.047436
0.049466
0.052942
0.058909
0.071143
0.034024
0.034811
0.039799
0.043623
0.046742
0.047624
0.044219
0.041332
0.042257
0.047763
0.047742
0.047674
0.047561
0.047432
0.047332
0.04731
0.047438
0.047779
0.048369
0.049162
0.049793
0.049191
0.047386
0.047258
0.049097
0.052164
0.05718
0.066111
0.031272
0.035816
0.040748
0.044302
0.047087
0.047635
0.044099
0.041234
0.041981
0.04718
0.047182
0.047151
0.04709
0.047023
0.046971
0.046957
0.047047
0.047329
0.047868
0.048628
0.049239
0.048602
0.046726
0.046552
0.048395
0.051507
0.056685
0.066711
0.033271
0.035519
0.040071
0.043551
0.046352
0.046925
0.043322
0.040329
0.041026
0.046406
0.046397
0.046353
0.046292
0.046237
0.046198
0.04621
0.046348
0.046691
0.047276
0.048056
0.048669
0.048055
0.046278
0.046202
0.048089
0.051213
0.056354
0.065951
0.031969
0.035214
0.039957
0.043475
0.046272
0.046874
0.04346
0.040761
0.041674
-18.398
-52.72
0.42727
0
0.33754
2.6973
