0.10338
0.10336
0.10336
0.10326
0.10306
0.10286
0.10272
0.10276
0.10316
0.10406
0.10539
0.10642
0.10486
0.10056
0.099557
0.10273
0.10858
0.11854
0.13775
0.072374
0.077309
0.08606
0.092954
0.098689
0.099566
0.090445
0.082123
0.083079
0.10357
0.1035
0.10343
0.10342
0.10354
0.10373
0.10399
0.1044
0.10517
0.10643
0.1081
0.10943
0.10813
0.10437
0.10439
0.10879
0.11614
0.12884
0.15825
0.092934
0.085874
0.09371
0.1012
0.10781
0.10926
0.09989
0.091254
0.092313
0.099388
0.099246
0.098638
0.098094
0.098425
0.099588
0.10077
0.10159
0.10229
0.10329
0.10467
0.10559
0.10362
0.099254
0.099231
0.10379
0.11116
0.12337
0.14951
0.086228
0.083662
0.091885
0.099248
0.1057
0.10693
0.096844
0.0871
0.087649
0.10104
0.10098
0.10092
0.10092
0.10098
0.10104
0.10115
0.1015
0.10229
0.10362
0.10539
0.10685
0.10579
0.10239
0.10265
0.10716
0.11461
0.12745
0.15622
0.08626
0.081385
0.090304
0.098307
0.10526
0.10709
0.09827
0.090095
0.091397
-11.604
-51.699
0.28229
0
0.90605
18.875
