0.11255
0.11301
0.1138
0.11469
0.11529
0.1155
0.11564
0.11601
0.11687
0.11826
0.12
0.12112
0.11896
0.11407
0.11402
0.11934
0.12839
0.14447
0.18332
0.10703
0.093583
0.10301
0.11305
0.12286
0.12681
0.11502
0.10024
0.098874
0.11505
0.11509
0.11546
0.11631
0.11744
0.1184
0.11919
0.12011
0.12141
0.1232
0.12534
0.127
0.12583
0.12261
0.12411
0.13055
0.14073
0.15914
0.20901
0.13766
0.11102
0.11801
0.12817
0.13871
0.14314
0.13118
0.11662
0.11579
0.11169
0.11175
0.11222
0.11318
0.11439
0.11542
0.11625
0.1171
0.11824
0.11985
0.12185
0.12349
0.12254
0.11948
0.12074
0.1268
0.13658
0.1543
0.20232
0.13503
0.10929
0.11553
0.125
0.13505
0.13937
0.12778
0.11346
0.11245
0.10764
0.10787
0.10861
0.10982
0.11113
0.11213
0.11289
0.1137
0.11485
0.11649
0.11854
0.12017
0.11895
0.1152
0.11581
0.12151
0.13104
0.14822
0.1922
0.11979
0.09963
0.10763
0.11754
0.12764
0.13211
0.12106
0.10709
0.10611
-15.407
-58.398
0.1703
0
0.95824
38.481
