0.097954
0.097931
0.097928
0.097926
0.097915
0.097919
0.098013
0.098338
0.099043
0.10021
0.10176
0.10296
0.10169
0.098053
0.097802
0.10153
0.10787
0.11876
0.1437
0.0873
0.082407
0.089321
0.096025
0.10202
0.10316
0.093739
0.084596
0.084765
0.095561
0.09564
0.095765
0.095776
0.095602
0.095373
0.095234
0.095285
0.095649
0.096417
0.097499
0.098186
0.096397
0.092249
0.09146
0.094641
0.10038
0.11018
0.129
0.062828
0.068193
0.077085
0.083869
0.089483
0.090421
0.081499
0.073109
0.074181
0.097268
0.097184
0.097156
0.097176
0.0972
0.097207
0.097279
0.097583
0.098284
0.099471
0.10107
0.10244
0.10161
0.098623
0.098832
0.10288
0.1097
0.1218
0.15137
0.092641
0.082762
0.089363
0.096255
0.10255
0.1041
0.095226
0.086635
0.087244
0.096485
0.096416
0.096388
0.096398
0.096411
0.096399
0.096431
0.096687
0.097358
0.098545
0.10017
0.10156
0.10072
0.097677
0.097756
0.10162
0.10814
0.11962
0.14759
0.092048
0.082888
0.089083
0.095723
0.10192
0.10354
0.094879
0.086355
0.086854
-12.058
-59.324
0.28025
0
0.83298
17.298
