0.086086
0.086414
0.087432
0.088999
0.090556
0.091702
0.092666
0.093848
0.095498
0.097737
0.10052
0.10316
0.10354
0.10198
0.10472
0.11274
0.12586
0.15034
0.21395
0.11954
0.078669
0.090312
0.1048
0.11919
0.1276
0.11914
0.10648
0.10816
0.090431
0.090647
0.091428
0.092794
0.094353
0.095659
0.096755
0.097934
0.099444
0.10145
0.10394
0.1063
0.10652
0.10482
0.10705
0.11412
0.12565
0.14694
0.20121
0.11106
0.081221
0.092702
0.10573
0.1184
0.1252
0.11648
0.10491
0.10676
0.094936
0.095066
0.095609
0.096426
0.097219
0.097865
0.098555
0.099542
0.101
0.10304
0.10558
0.1079
0.10784
0.10566
0.10762
0.11462
0.12605
0.14702
0.20154
0.12089
0.090459
0.099505
0.11116
0.12297
0.12921
0.11999
0.10769
0.10841
0.097328
0.097539
0.098147
0.09902
0.099885
0.10061
0.10133
0.10228
0.10364
0.10558
0.10809
0.11054
0.1107
0.10822
0.10923
0.11521
0.12563
0.1451
0.19549
0.11656
0.09021
0.09905
0.10989
0.1208
0.12634
0.1172
0.1053
0.10565
-11.261
-54.413
0.053896
0
0.21726
9.1869
