0.085257
0.085526
0.086483
0.088027
0.089599
0.090769
0.091742
0.0929
0.09446
0.096515
0.099007
0.10128
0.10146
0.10016
0.10312
0.1109
0.1233
0.14623
0.20559
0.11586
0.079952
0.091417
0.10546
0.11945
0.12741
0.11822
0.10469
0.10576
0.085651
0.085904
0.086703
0.087991
0.089467
0.090822
0.092032
0.093267
0.094768
0.096747
0.099202
0.10144
0.10139
0.099565
0.10211
0.1097
0.12187
0.14414
0.20296
0.1275
0.092939
0.10122
0.11322
0.1259
0.13306
0.12335
0.10903
0.10862
0.089963
0.090145
0.090784
0.091778
0.092843
0.093808
0.094801
0.096026
0.09764
0.099744
0.10229
0.10456
0.10441
0.10218
0.10421
0.1113
0.12286
0.14408
0.20022
0.12512
0.092728
0.10099
0.11267
0.12497
0.13191
0.12269
0.10922
0.10891
0.097387
0.097467
0.097788
0.098369
0.099035
0.099641
0.10034
0.10137
0.10281
0.10465
0.10674
0.10825
0.10702
0.10408
0.10593
0.11252
0.12273
0.14076
0.18505
0.10394
0.085895
0.097169
0.10905
0.12034
0.12556
0.11531
0.10258
0.10311
-10.651
-55.879
0.051841
2
0.90605
25.303
