0.11648
0.11652
0.11643
0.11605
0.11542
0.11481
0.11445
0.11449
0.1151
0.11635
0.11809
0.11934
0.11719
0.11144
0.1098
0.11327
0.11964
0.12965
0.14321
0.062462
0.082976
0.094585
0.10228
0.10817
0.1089
0.10005
0.092647
0.093832
0.11589
0.11584
0.1157
0.11535
0.11483
0.11438
0.11413
0.11421
0.11479
0.11598
0.11768
0.11902
0.11728
0.11213
0.1107
0.11415
0.12062
0.13128
0.14813
0.064888
0.081153
0.09265
0.10037
0.10628
0.10713
0.098624
0.091589
0.092944
0.11674
0.11668
0.11643
0.11595
0.11535
0.11489
0.11475
0.11508
0.11599
0.11751
0.11945
0.12082
0.11875
0.11342
0.11262
0.117
0.12444
0.13647
0.15714
0.073245
0.085666
0.097571
0.10597
0.11249
0.11369
0.10519
0.098308
0.099949
0.11591
0.11588
0.11563
0.11511
0.11447
0.11396
0.11374
0.11394
0.11469
0.11608
0.11798
0.11948
0.11792
0.11319
0.11242
0.11646
0.12341
0.13474
0.15453
0.076178
0.086571
0.097366
0.10519
0.11135
0.11239
0.10405
0.097265
0.09867
-10.752
-50.982
0.20547
0
0.63825
17.156
