0.087688
0.087888
0.088578
0.089714
0.091012
0.092182
0.093263
0.094474
0.096033
0.098112
0.10069
0.1029
0.10169
0.096322
0.09491
0.099493
0.10836
0.12379
0.15227
0.037251
0.053767
0.071565
0.08219
0.090047
0.093296
0.088606
0.085043
0.088462
0.089015
0.089258
0.090005
0.091112
0.092184
0.092997
0.093788
0.094913
0.096609
0.099006
0.10206
0.10493
0.10453
0.099695
0.098504
0.10351
0.11334
0.13106
0.16729
0.051664
0.053075
0.071385
0.082934
0.091695
0.095773
0.091652
0.088487
0.092421
0.085252
0.085519
0.086362
0.08762
0.088865
0.089807
0.090602
0.091574
0.093005
0.095092
0.097823
0.10038
0.099761
0.094907
0.093623
0.09834
0.10769
0.12446
0.15756
0.040681
0.048168
0.067023
0.078327
0.08681
0.090855
0.087034
0.083976
0.087809
0.086081
0.08629
0.086957
0.087962
0.088985
0.089757
0.090305
0.090878
0.091802
0.093339
0.095501
0.097513
0.096551
0.091528
0.089688
0.09332
0.10105
0.115
0.14103
0.030141
0.046552
0.063241
0.072846
0.079895
0.082857
0.078784
0.076012
0.080019
-12.729
-50.536
0.16266
0
0.87212
33.441
