0.062679
0.062697
0.062693
0.062605
0.062436
0.06228
0.062218
0.062338
0.062745
0.063513
0.064587
0.065461
0.064563
0.061705
0.060996
0.063094
0.066889
0.073003
0.082376
0.035938
0.045658
0.052317
0.056855
0.060425
0.061203
0.056649
0.052703
0.053392
0.061027
0.061073
0.061111
0.061078
0.06098
0.060907
0.060951
0.061204
0.061774
0.062733
0.064025
0.065124
0.064365
0.06144
0.060707
0.063039
0.067401
0.074846
0.088825
0.038644
0.043543
0.050612
0.055674
0.059765
0.061034
0.056718
0.052792
0.053714
0.059607
0.059631
0.059713
0.059753
0.059682
0.059563
0.059507
0.059616
0.059985
0.060672
0.061611
0.062307
0.061223
0.058173
0.057219
0.059057
0.062618
0.068532
0.077465
0.027954
0.039685
0.04673
0.051251
0.054729
0.055583
0.051441
0.047865
0.048825
0.060783
0.060713
0.060582
0.060406
0.060233
0.060111
0.06008
0.060218
0.060621
0.061351
0.062354
0.063145
0.062314
0.059901
0.059651
0.061894
0.065582
0.071405
0.080736
0.037836
0.045658
0.051857
0.056276
0.059813
0.060735
0.056776
0.053489
0.054393
-16.146
-64.104
0.43946
0
0.93476
12.522
