0.11216
0.11205
0.11221
0.11286
0.11391
0.11499
0.11588
0.11674
0.11779
0.1192
0.1209
0.12215
0.12097
0.11812
0.1195
0.12523
0.13427
0.15068
0.19698
0.13858
0.11243
0.11734
0.12616
0.13594
0.14012
0.12808
0.11285
0.11115
0.11313
0.1133
0.11386
0.11492
0.11621
0.11726
0.11807
0.11894
0.12016
0.12185
0.12389
0.12544
0.12421
0.12103
0.1226
0.12908
0.1393
0.15782
0.20931
0.14262
0.11324
0.11902
0.1287
0.13913
0.14367
0.13165
0.11658
0.11532
0.1126
0.11272
0.11321
0.1143
0.1157
0.11684
0.11766
0.11853
0.11979
0.12157
0.12377
0.1255
0.12437
0.121
0.12232
0.12864
0.13874
0.15709
0.20745
0.13718
0.10932
0.11607
0.12629
0.13703
0.14178
0.13007
0.11539
0.1144
0.11013
0.11027
0.1108
0.11185
0.11312
0.11414
0.11492
0.11579
0.11698
0.11858
0.12046
0.12174
0.12028
0.11725
0.11914
0.12565
0.1356
0.1534
0.20236
0.13671
0.10955
0.11568
0.12535
0.13563
0.14005
0.12828
0.11366
0.11259
-10.775
-52.178
0.16665
0
0.4879
17.319
