0.12976
0.12989
0.13041
0.13118
0.13178
0.13199
0.13213
0.13266
0.13389
0.13589
0.13854
0.141
0.14072
0.13778
0.13926
0.14631
0.15804
0.17954
0.23542
0.14442
0.1165
0.1259
0.13765
0.14942
0.15451
0.14215
0.12735
0.12731
0.12591
0.1261
0.12666
0.12749
0.12831
0.12898
0.12965
0.13055
0.13188
0.13375
0.13609
0.13801
0.13673
0.13233
0.13261
0.13869
0.14926
0.16865
0.21764
0.12989
0.10897
0.11907
0.13044
0.14154
0.14612
0.13378
0.11889
0.11838
0.12859
0.12862
0.12895
0.12974
0.13079
0.13167
0.13237
0.13322
0.13451
0.13637
0.13868
0.1405
0.1393
0.13594
0.13772
0.14482
0.15596
0.17592
0.22846
0.14435
0.11846
0.12734
0.13871
0.15001
0.15443
0.1416
0.12702
0.12734
0.12198
0.12212
0.1226
0.12352
0.12472
0.12587
0.12691
0.12803
0.12945
0.13132
0.13354
0.1352
0.13369
0.12956
0.13035
0.13662
0.14693
0.16555
0.21499
0.14097
0.1166
0.12425
0.13464
0.14532
0.14956
0.13664
0.12109
0.11995
-9.879
-49.705
0.16444
0
0.51797
18.749
