0.096196
0.096363
0.096609
0.096685
0.096388
0.095867
0.095465
0.095464
0.096022
0.097154
0.098687
0.099802
0.09817
0.093772
0.092888
0.096318
0.10249
0.11309
0.13496
0.071655
0.072901
0.081513
0.088668
0.094788
0.096094
0.086978
0.077923
0.078249
0.095296
0.095311
0.095382
0.095475
0.095524
0.095539
0.095656
0.096057
0.09688
0.098183
0.099873
0.10127
0.10037
0.097397
0.097837
0.10223
0.10947
0.12224
0.15331
0.092532
0.081875
0.088873
0.096159
0.10284
0.10463
0.095544
0.086538
0.087182
0.094016
0.094033
0.094122
0.094182
0.094119
0.093967
0.093865
0.093986
0.094495
0.095477
0.096838
0.097891
0.096592
0.092924
0.092382
0.095669
0.10148
0.11158
0.13351
0.075648
0.074254
0.081743
0.088417
0.094326
0.095748
0.087231
0.078711
0.079018
0.095949
0.096046
0.096092
0.095999
0.095769
0.095539
0.095483
0.095772
0.096542
0.097844
0.099551
0.10089
0.099642
0.095991
0.096003
0.10027
0.10742
0.11989
0.14924
0.087315
0.078882
0.086281
0.093533
0.10003
0.10167
0.092781
0.0841
0.084727
-11.714
-57.868
0.28439
0
0.33754
3.2816
