0.099393
0.099533
0.099559
0.099461
0.099347
0.099378
0.099677
0.10038
0.1016
0.10342
0.10572
0.10769
0.10677
0.10288
0.10301
0.10827
0.11737
0.13362
0.17163
0.089077
0.076621
0.087127
0.096695
0.10511
0.10819
0.099561
0.090658
0.091952
0.098724
0.098776
0.09884
0.098758
0.098477
0.098171
0.098012
0.0981
0.098541
0.09941
0.10062
0.10145
0.099744
0.095514
0.094661
0.097907
0.1038
0.11384
0.13262
0.062887
0.070015
0.079546
0.08661
0.092327
0.093238
0.084339
0.076149
0.077208
0.098567
0.098513
0.098489
0.098469
0.098438
0.098419
0.098477
0.098752
0.099403
0.10053
0.10204
0.10326
0.1021
0.098657
0.098545
0.10239
0.10888
0.12007
0.14524
0.086758
0.082531
0.089734
0.096498
0.10249
0.10361
0.094319
0.085526
0.086072
0.095846
0.0959
0.095981
0.095967
0.095815
0.095624
0.095491
0.095548
0.095981
0.096923
0.0983
0.099401
0.098046
0.09406
0.093238
0.096516
0.10256
0.11306
0.13384
0.06384
0.067958
0.077253
0.084336
0.090185
0.091392
0.082969
0.075156
0.076422
-11.886
-60.259
0.28373
0
0.4879
8.2044
