0.10084
0.10069
0.10055
0.10053
0.10064
0.10079
0.10099
0.10141
0.1022
0.10341
0.10495
0.10609
0.10485
0.10175
0.10237
0.10687
0.11399
0.12634
0.15617
0.094893
0.085682
0.092877
0.10022
0.10681
0.10829
0.099091
0.090659
0.091834
0.099642
0.099593
0.099462
0.099319
0.099251
0.09929
0.09948
0.099948
0.10083
0.10218
0.10389
0.10517
0.10387
0.10041
0.10081
0.10535
0.11262
0.12506
0.15378
0.08945
0.082923
0.091017
0.098706
0.10549
0.10717
0.098111
0.089606
0.090678
0.097451
0.097393
0.097441
0.097523
0.097533
0.097419
0.097236
0.09716
0.097411
0.098126
0.099237
0.10009
0.098772
0.095371
0.095023
0.098248
0.10376
0.11303
0.13177
0.074427
0.076198
0.083498
0.089704
0.09504
0.095785
0.086906
0.078742
0.079434
0.096697
0.09663
0.096612
0.096667
0.096774
0.096893
0.097077
0.097471
0.098215
0.099383
0.10088
0.10201
0.10076
0.097455
0.097715
0.10189
0.10866
0.12022
0.1466
0.087086
0.081829
0.089298
0.096404
0.10268
0.104
0.094816
0.086185
0.086932
-12.071
-60.304
0.28941
0
0.93476
20.836
