0.087629
0.08794
0.089037
0.090703
0.092353
0.093641
0.094819
0.096269
0.098234
0.10085
0.10412
0.10754
0.10911
0.10856
0.11163
0.12011
0.13445
0.1621
0.23828
0.15018
0.09689
0.10439
0.11818
0.13313
0.14243
0.13377
0.11977
0.12032
0.097627
0.097726
0.098298
0.099365
0.10058
0.10158
0.10247
0.10356
0.10504
0.10698
0.10931
0.11126
0.1108
0.10884
0.11159
0.11924
0.13115
0.15255
0.20567
0.11081
0.084801
0.097645
0.11129
0.12421
0.13043
0.11963
0.10616
0.1078
0.099051
0.099169
0.099739
0.10074
0.10186
0.10279
0.10365
0.10471
0.10619
0.10823
0.1108
0.11322
0.11339
0.11146
0.1135
0.12052
0.13207
0.15349
0.20929
0.12267
0.09172
0.10173
0.11408
0.12635
0.13267
0.12307
0.11072
0.11203
0.10407
0.10404
0.10429
0.10493
0.10576
0.10649
0.10715
0.108
0.10924
0.11094
0.11297
0.11455
0.11357
0.11103
0.1131
0.1197
0.1298
0.14754
0.19157
0.11091
0.092783
0.10336
0.11494
0.12609
0.131
0.12033
0.10781
0.10894
-15.798
-61.566
0.051655
0
0.21726
9.9496
