0.090269
0.090582
0.091439
0.092614
0.093701
0.094523
0.095269
0.096221
0.097652
0.099778
0.10261
0.1053
0.10464
0.099205
0.097251
0.10172
0.11127
0.12887
0.1646
0.04336
0.047284
0.067067
0.078886
0.087799
0.092152
0.088159
0.084839
0.08915
0.093395
0.093569
0.094295
0.095434
0.096565
0.097373
0.097998
0.098791
0.10007
0.10205
0.10472
0.10727
0.10672
0.10188
0.10037
0.10465
0.1133
0.1287
0.15771
0.042793
0.056933
0.074233
0.084757
0.092672
0.096115
0.091715
0.088336
0.091795
0.091606
0.09183
0.092538
0.093595
0.094649
0.095493
0.09629
0.097315
0.098808
0.10095
0.10374
0.10632
0.10563
0.1006
0.099209
0.10384
0.11297
0.12917
0.16024
0.046496
0.057772
0.075377
0.086304
0.094604
0.098336
0.093838
0.090132
0.093539
0.088898
0.089163
0.089952
0.091131
0.092334
0.093311
0.094205
0.09532
0.09693
0.099232
0.10221
0.10501
0.10447
0.099344
0.097845
0.10263
0.11224
0.12955
0.16413
0.04726
0.05285
0.071503
0.083086
0.09194
0.096243
0.092213
0.088727
0.092396
-12.705
-57.71
0.15999
0
0.26236
8.6547
