0.11979
0.11999
0.12064
0.12168
0.12277
0.12356
0.12407
0.12457
0.12535
0.12661
0.12826
0.12953
0.12811
0.12443
0.12501
0.13036
0.1393
0.15554
0.19851
0.12999
0.10966
0.11654
0.12578
0.13534
0.13888
0.12624
0.11119
0.11017
0.1192
0.11938
0.12001
0.12102
0.12204
0.12272
0.12312
0.12354
0.12429
0.12558
0.12735
0.12889
0.1279
0.12436
0.12459
0.1296
0.13835
0.15446
0.19578
0.12042
0.10255
0.11048
0.11995
0.12946
0.13311
0.12139
0.10759
0.10719
0.11884
0.11897
0.1195
0.12046
0.12157
0.12244
0.12305
0.1237
0.12469
0.12622
0.1282
0.12977
0.12849
0.12471
0.12531
0.1309
0.14015
0.15682
0.20075
0.13209
0.11127
0.11825
0.12767
0.13743
0.14121
0.12889
0.1142
0.11322
0.11351
0.1138
0.11458
0.11571
0.1168
0.11756
0.11809
0.11869
0.11965
0.1211
0.12298
0.12443
0.1229
0.11862
0.11878
0.12427
0.13378
0.15102
0.19329
0.11093
0.094715
0.10457
0.11513
0.12551
0.13
0.11869
0.10457
0.10411
-10.843
-62.032
0.16709
0
0.83298
27.831
