0.11258
0.11276
0.11338
0.11444
0.11562
0.11655
0.11718
0.11776
0.11859
0.11986
0.12151
0.12274
0.12135
0.11789
0.11868
0.12404
0.13275
0.14837
0.19016
0.12733
0.1065
0.11255
0.1214
0.13086
0.13477
0.12299
0.10838
0.10709
0.11276
0.11296
0.1135
0.11442
0.1155
0.11642
0.11719
0.1181
0.11937
0.12115
0.1233
0.12494
0.12363
0.12008
0.12134
0.12771
0.13788
0.1562
0.20644
0.14025
0.11233
0.11833
0.12811
0.13874
0.14359
0.13165
0.11611
0.11436
0.11303
0.11312
0.11355
0.11452
0.11582
0.11698
0.11795
0.11903
0.12047
0.12237
0.12458
0.12624
0.12497
0.12161
0.12314
0.12971
0.1401
0.15891
0.21007
0.13737
0.10939
0.11656
0.12707
0.13801
0.14285
0.13111
0.11645
0.11561
0.10861
0.10882
0.10949
0.11062
0.11189
0.11292
0.11376
0.11472
0.11606
0.1179
0.1201
0.12183
0.12068
0.11714
0.11818
0.12436
0.13451
0.15303
0.20291
0.13283
0.10602
0.11295
0.12308
0.13378
0.13883
0.12765
0.11297
0.11153
-11.159
-60.168
0.16539
0
0.36761
12.623
