0.11534
0.11552
0.11611
0.11711
0.1182
0.11902
0.11957
0.12016
0.12107
0.12247
0.12431
0.12584
0.12481
0.12142
0.122
0.12731
0.13632
0.15298
0.19796
0.12941
0.10629
0.1128
0.12202
0.13164
0.13542
0.12331
0.10855
0.10725
0.11597
0.11618
0.11669
0.1176
0.11872
0.11972
0.12058
0.12158
0.12299
0.12495
0.12736
0.12943
0.12872
0.1257
0.12728
0.13416
0.14539
0.16628
0.22455
0.14906
0.11406
0.12025
0.13073
0.14192
0.1469
0.13453
0.11882
0.11753
0.11468
0.11476
0.11515
0.11599
0.11703
0.11791
0.11869
0.11963
0.12096
0.12276
0.1249
0.12649
0.12519
0.12186
0.12339
0.12988
0.1401
0.15863
0.21007
0.14287
0.11397
0.12011
0.13006
0.14066
0.14524
0.13306
0.11783
0.11661
0.11052
0.11089
0.1117
0.1129
0.11413
0.11506
0.11573
0.11641
0.11739
0.11886
0.12085
0.12274
0.12234
0.11939
0.11986
0.12511
0.13455
0.15262
0.20128
0.12531
0.099046
0.10612
0.11566
0.12548
0.12973
0.11861
0.10461
0.10369
-10.993
-62.293
0.16818
0
0.90605
30.946
