0.096432
0.096734
0.097721
0.099155
0.10054
0.10169
0.10288
0.10445
0.10658
0.10942
0.11299
0.11664
0.11808
0.11702
0.12009
0.12921
0.14466
0.17425
0.25401
0.15287
0.097738
0.10748
0.12267
0.13843
0.14783
0.13839
0.12412
0.12563
0.10654
0.10672
0.10717
0.10785
0.10863
0.10945
0.11048
0.11187
0.11373
0.11614
0.11898
0.12126
0.12029
0.117
0.11937
0.12776
0.14115
0.16541
0.225
0.11597
0.087121
0.10283
0.11838
0.13266
0.13958
0.12811
0.1134
0.11481
0.10813
0.10821
0.10892
0.11019
0.11156
0.11255
0.11324
0.11401
0.11518
0.11695
0.11927
0.12144
0.12136
0.11942
0.12169
0.1288
0.14019
0.16105
0.21592
0.13262
0.10355
0.11282
0.12478
0.13684
0.14261
0.13174
0.11855
0.11991
0.11188
0.11193
0.11219
0.11258
0.11297
0.11332
0.11384
0.11479
0.11632
0.11849
0.12119
0.12358
0.12314
0.12013
0.12169
0.12872
0.14022
0.16098
0.21307
0.12271
0.098573
0.10982
0.12239
0.13458
0.14036
0.12975
0.11687
0.11809
-10.14
-51.948
0.050831
0
0.41272
21.885
