0.11556
0.11525
0.11475
0.11406
0.11342
0.11309
0.11308
0.11344
0.11427
0.11565
0.11746
0.11875
0.11678
0.11179
0.11127
0.11584
0.12344
0.13556
0.15582
0.072247
0.085516
0.097567
0.1063
0.11346
0.11545
0.10713
0.099762
0.10146
0.11667
0.11664
0.11643
0.11583
0.11491
0.11405
0.1135
0.11335
0.11371
0.11464
0.116
0.11686
0.11453
0.10895
0.10732
0.11044
0.11619
0.12522
0.13672
0.058779
0.079676
0.090566
0.097589
0.1028
0.10301
0.094257
0.087315
0.088677
0.11741
0.11773
0.11808
0.11791
0.11684
0.11527
0.11397
0.11349
0.11403
0.11553
0.11763
0.11911
0.11671
0.11044
0.10892
0.11309
0.12044
0.13215
0.15163
0.072999
0.085712
0.097226
0.10558
0.11231
0.11366
0.1043
0.095685
0.096323
0.11417
0.11415
0.11402
0.11372
0.11334
0.11304
0.11295
0.11323
0.11403
0.11546
0.11739
0.11889
0.1172
0.11216
0.11107
0.1149
0.12167
0.13272
0.15227
0.077639
0.086809
0.097034
0.10459
0.11058
0.11143
0.10271
0.095511
0.096714
-10.578
-51.04
0.20336
0
0.4879
13.955
