0.07911
0.079484
0.080589
0.082227
0.083821
0.085034
0.086134
0.087499
0.089342
0.091767
0.094741
0.097628
0.098371
0.097084
0.099821
0.10782
0.121
0.14568
0.21049
0.12191
0.078743
0.088863
0.10277
0.11703
0.12583
0.11817
0.10573
0.10686
0.084292
0.08445
0.085177
0.086302
0.087418
0.088324
0.08922
0.090374
0.091961
0.09408
0.096691
0.099178
0.09962
0.09823
0.10064
0.10782
0.11955
0.14142
0.20059
0.12762
0.090569
0.09777
0.1093
0.12174
0.12914
0.12074
0.10795
0.10801
0.091608
0.091762
0.0923
0.093201
0.094159
0.094908
0.095589
0.096497
0.097814
0.099599
0.10174
0.10347
0.10275
0.10031
0.1022
0.10861
0.11865
0.13651
0.18054
0.10051
0.081466
0.092384
0.10405
0.11527
0.12074
0.11126
0.099267
0.10014
0.093493
0.093595
0.094051
0.094848
0.095724
0.096441
0.097123
0.098033
0.099346
0.10113
0.1033
0.10513
0.10454
0.10204
0.10365
0.1098
0.11963
0.13724
0.18142
0.105
0.085008
0.094878
0.10596
0.1168
0.12213
0.11291
0.10125
0.10197
-10.67
-59.599
0.053235
0
0.95824
48.44
