0.095754
0.095793
0.095879
0.095963
0.095973
0.095916
0.09594
0.096278
0.097128
0.098584
0.10057
0.10242
0.10183
0.098263
0.097628
0.1013
0.10811
0.12041
0.14952
0.086328
0.078313
0.085896
0.093235
0.099853
0.10174
0.093118
0.084429
0.084903
0.092281
0.092175
0.092022
0.091681
0.091192
0.090821
0.090745
0.09098
0.091517
0.092356
0.093403
0.094066
0.092673
0.089605
0.089634
0.092977
0.098445
0.10753
0.12566
0.069539
0.071659
0.078875
0.084926
0.090135
0.090925
0.082315
0.074288
0.075035
0.092932
0.092883
0.092844
0.092783
0.092675
0.092549
0.09251
0.092731
0.09337
0.094482
0.095937
0.096986
0.095601
0.092179
0.092405
0.096588
0.1034
0.11515
0.14301
0.08672
0.07837
0.085072
0.091968
0.098345
0.10014
0.091584
0.082947
0.083409
0.090425
0.090514
0.090712
0.090686
0.090109
0.089142
0.088301
0.088011
0.088421
0.08942
0.090703
0.091442
0.089654
0.085763
0.085333
0.088676
0.094437
0.10433
0.12464
0.063467
0.065164
0.073311
0.079738
0.085
0.085693
0.07699
0.068977
0.070003
-12.372
-52.633
0.28296
0
0.63825
11.539
