0.11397
0.11417
0.11478
0.11573
0.11669
0.11733
0.11769
0.11803
0.11865
0.11971
0.12114
0.1222
0.12072
0.1171
0.11746
0.12232
0.13054
0.14552
0.18445
0.11717
0.099635
0.10651
0.11528
0.12431
0.12767
0.11562
0.10104
0.099969
0.11467
0.11501
0.11566
0.11657
0.11746
0.1181
0.11863
0.1194
0.12067
0.1225
0.12473
0.12637
0.12475
0.12048
0.12116
0.12721
0.13711
0.15518
0.20564
0.14087
0.11215
0.11806
0.12809
0.13915
0.14462
0.13312
0.11722
0.11463
0.11184
0.11198
0.11255
0.11352
0.11459
0.11541
0.11598
0.11654
0.11736
0.11861
0.12022
0.12138
0.11992
0.11639
0.1171
0.12243
0.13121
0.14711
0.1892
0.12322
0.1027
0.10932
0.11839
0.12788
0.13175
0.11994
0.10528
0.10395
0.11378
0.11392
0.11436
0.11524
0.11635
0.11734
0.11819
0.11921
0.12063
0.12255
0.12482
0.12649
0.12506
0.12141
0.12287
0.12957
0.14011
0.15915
0.2113
0.14036
0.11115
0.11781
0.1281
0.13897
0.14374
0.13159
0.11626
0.11504
-10.852
-63.993
0.16661
0
0.51797
16.44
