0.1128
0.11274
0.11262
0.11224
0.11158
0.1109
0.11037
0.11013
0.11035
0.11113
0.11235
0.11313
0.11082
0.1052
0.10321
0.10578
0.11081
0.11855
0.12549
0.047504
0.074806
0.085542
0.091993
0.096632
0.096641
0.08851
0.082379
0.08415
0.11338
0.11339
0.11318
0.11265
0.11193
0.11135
0.11109
0.11127
0.11199
0.11332
0.11512
0.11646
0.11455
0.10928
0.10804
0.11174
0.11832
0.12882
0.14486
0.065778
0.082101
0.093334
0.10094
0.10678
0.10765
0.099444
0.092689
0.093843
0.11394
0.11385
0.11349
0.11286
0.11214
0.11161
0.1114
0.11162
0.1124
0.11379
0.11563
0.11691
0.11484
0.10956
0.10857
0.11243
0.11889
0.12883
0.14363
0.0695
0.084658
0.095261
0.10272
0.10857
0.10955
0.10171
0.095451
0.096809
0.10961
0.10956
0.10942
0.10907
0.10853
0.10802
0.10771
0.10773
0.10824
0.10933
0.11087
0.11196
0.10997
0.10471
0.10318
0.10628
0.11195
0.12065
0.13059
0.054614
0.077586
0.088438
0.095333
0.10046
0.1009
0.092972
0.086718
0.088026
-10.927
-49.66
0.21219
0
0.33754
7.05
