0.066082
0.066108
0.06613
0.066087
0.065949
0.065778
0.065678
0.065765
0.066146
0.066872
0.06787
0.068625
0.067627
0.06486
0.064374
0.066645
0.070594
0.076979
0.087217
0.040052
0.048865
0.055576
0.060204
0.063793
0.064397
0.059455
0.055317
0.056055
0.064336
0.064336
0.064375
0.064419
0.064452
0.064516
0.064685
0.065054
0.065716
0.066731
0.068027
0.069041
0.068062
0.065024
0.064572
0.067382
0.072337
0.080688
0.096429
0.041311
0.046457
0.054414
0.060151
0.064819
0.066373
0.061684
0.057319
0.05835
0.06586
0.065856
0.065803
0.065676
0.06553
0.065466
0.065547
0.065841
0.066444
0.067434
0.068771
0.069939
0.069262
0.066448
0.065849
0.068289
0.072715
0.08021
0.094551
0.045111
0.048909
0.055579
0.060523
0.064499
0.065463
0.06075
0.056818
0.057853
0.063682
0.063724
0.063808
0.063854
0.063809
0.06374
0.063777
0.064051
0.064663
0.065662
0.066964
0.068
0.067037
0.063922
0.063293
0.065904
0.070626
0.07861
0.09358
0.040449
0.045674
0.053297
0.058772
0.063213
0.064644
0.060064
0.055814
0.05675
-15.994
-59.973
0.42827
0
0.78861
10.466
