0.11121
0.11122
0.11096
0.11029
0.10943
0.10874
0.10841
0.10852
0.10916
0.11034
0.11182
0.11244
0.10922
0.10267
0.10102
0.10443
0.10997
0.11743
0.1226
0.059619
0.082878
0.092625
0.09914
0.10415
0.10423
0.095221
0.087848
0.088641
0.11239
0.11245
0.11221
0.11157
0.11071
0.11004
0.1098
0.11009
0.11098
0.11251
0.11449
0.11595
0.11401
0.10864
0.10756
0.11164
0.11869
0.12995
0.14798
0.066993
0.08194
0.093536
0.10152
0.1077
0.10879
0.10052
0.093691
0.095065
0.11194
0.11178
0.11146
0.11102
0.11059
0.11029
0.11021
0.11051
0.11134
0.11277
0.11468
0.11617
0.11457
0.10978
0.1089
0.11279
0.1195
0.13034
0.14838
0.069063
0.082317
0.093612
0.10156
0.10776
0.10905
0.10152
0.095475
0.097052
0.10866
0.10892
0.10885
0.10835
0.10761
0.10706
0.10698
0.10753
0.10878
0.11074
0.11327
0.11533
0.11376
0.1081
0.10672
0.11116
0.11931
0.13299
0.15734
0.058478
0.072765
0.0872
0.096803
0.10415
0.10627
0.098903
0.092652
0.094526
-11.14
-51.028
0.20675
0
0.26236
4.5952
