0.065706
0.065728
0.065756
0.065628
0.065283
0.064895
0.06468
0.064781
0.065277
0.066181
0.067372
0.068252
0.067083
0.063745
0.062901
0.065255
0.069587
0.076753
0.088608
0.034968
0.044895
0.05266
0.057888
0.062003
0.063126
0.058461
0.05436
0.055445
0.064563
0.064545
0.06453
0.064449
0.064275
0.064095
0.064038
0.064214
0.064708
0.065551
0.066656
0.067478
0.066423
0.063496
0.063021
0.065517
0.069862
0.076973
0.089082
0.038479
0.046632
0.053962
0.05909
0.063182
0.064282
0.059563
0.055386
0.056312
0.065502
0.065467
0.065355
0.065106
0.064793
0.064571
0.064503
0.064631
0.065049
0.065834
0.066936
0.067841
0.066915
0.063858
0.062907
0.064859
0.068599
0.074796
0.08484
0.03745
0.046117
0.052722
0.057256
0.060788
0.061424
0.05666
0.052692
0.05353
0.063068
0.063085
0.063091
0.062959
0.062674
0.062403
0.062291
0.062398
0.06278
0.063486
0.064465
0.065238
0.064293
0.061483
0.060798
0.062851
0.066571
0.072555
0.081164
0.031643
0.043605
0.05054
0.05501
0.058399
0.058954
0.054302
0.050515
0.051492
-15.714
-58.31
0.43855
0
0.95824
15.779
