0.10859
0.10872
0.1092
0.11003
0.11096
0.11175
0.11241
0.11315
0.11416
0.11554
0.11721
0.11842
0.11698
0.11351
0.11427
0.11955
0.12809
0.14331
0.1834
0.12197
0.10295
0.10928
0.11805
0.12729
0.13111
0.11975
0.10556
0.10408
0.10872
0.10893
0.10956
0.11068
0.11199
0.11303
0.11378
0.1145
0.11549
0.11693
0.11873
0.12012
0.11892
0.11565
0.11661
0.12215
0.13113
0.1474
0.19191
0.13051
0.10679
0.11245
0.1213
0.13081
0.13483
0.12333
0.10881
0.10709
0.1046
0.10454
0.10486
0.10572
0.10695
0.10815
0.1092
0.11034
0.11181
0.11373
0.11597
0.11765
0.11638
0.11296
0.11449
0.12131
0.13221
0.15192
0.2049
0.13359
0.10381
0.1108
0.12148
0.13306
0.13927
0.12904
0.1145
0.11313
0.10538
0.10552
0.10607
0.10715
0.10856
0.10983
0.1108
0.11169
0.11282
0.11439
0.11636
0.11795
0.11696
0.11389
0.11507
0.12096
0.1305
0.14791
0.19575
0.13157
0.10478
0.11056
0.11988
0.12998
0.1347
0.12385
0.10968
0.1082
-11.488
-51.1
0.16598
0
0.14208
3.3429
