0.065959
0.065917
0.065833
0.065711
0.065591
0.065533
0.065607
0.06591
0.066535
0.067529
0.068813
0.069833
0.068972
0.066275
0.066111
0.068938
0.073648
0.081346
0.095183
0.042608
0.049171
0.056769
0.062244
0.066619
0.067794
0.062918
0.058785
0.059983
0.064176
0.06404
0.063824
0.063729
0.063981
0.064502
0.06503
0.065498
0.066055
0.066883
0.068031
0.069079
0.06846
0.065689
0.064761
0.066686
0.070569
0.077382
0.089821
0.038819
0.045365
0.052299
0.057077
0.060777
0.061577
0.057048
0.053324
0.054331
0.065633
0.065683
0.065808
0.065944
0.06586
0.065441
0.064961
0.064843
0.065312
0.066327
0.067671
0.068706
0.067698
0.064455
0.063523
0.065673
0.069743
0.076597
0.08867
0.041836
0.04882
0.055723
0.060623
0.064485
0.06531
0.060243
0.055676
0.056251
0.062467
0.062431
0.062395
0.062358
0.062367
0.062448
0.062569
0.062751
0.063108
0.063763
0.064713
0.065503
0.064606
0.061748
0.060908
0.062855
0.066578
0.072767
0.082216
0.03078
0.042447
0.049694
0.054383
0.057977
0.058779
0.054392
0.050787
0.051952
-15.553
-53.782
0.43161
0
0.87212
12.085
