0.073704
0.07415
0.07539
0.077179
0.07887
0.080157
0.081409
0.083016
0.085103
0.087703
0.09078
0.093763
0.094802
0.094185
0.097629
0.10631
0.12058
0.14777
0.22002
0.12523
0.071304
0.082253
0.098044
0.11413
0.12452
0.11737
0.10428
0.10553
0.07706
0.077448
0.078442
0.079951
0.08156
0.082939
0.084253
0.085831
0.087886
0.09053
0.093715
0.096724
0.097281
0.095516
0.098113
0.10635
0.11991
0.14502
0.2092
0.11431
0.071622
0.083879
0.098972
0.11406
0.12349
0.11599
0.10333
0.10467
0.084337
0.084583
0.085493
0.086981
0.088514
0.089642
0.090531
0.091558
0.092958
0.09484
0.097156
0.099281
0.099417
0.098141
0.10089
0.10819
0.11979
0.14119
0.19658
0.11168
0.079143
0.089793
0.10282
0.11584
0.12319
0.1146
0.10232
0.10366
0.087164
0.087349
0.088003
0.089109
0.090311
0.091269
0.092114
0.093154
0.094573
0.096428
0.098602
0.10032
0.099576
0.097313
0.099682
0.10674
0.11765
0.13701
0.18459
0.10002
0.077732
0.089651
0.10238
0.11466
0.12102
0.11155
0.098825
0.099776
-10.671
-55.307
0.050534
2
0.88632
26.367
