0.06554
0.065607
0.065772
0.066013
0.066206
0.066236
0.066185
0.066283
0.066742
0.067652
0.068931
0.070005
0.069176
0.066314
0.065894
0.068587
0.0733
0.081182
0.095866
0.043509
0.048843
0.056335
0.061796
0.066209
0.067503
0.062701
0.058374
0.059277
0.063596
0.063528
0.063381
0.063018
0.062459
0.062035
0.062079
0.06268
0.063739
0.065133
0.066722
0.06794
0.067208
0.064778
0.065181
0.068806
0.074709
0.084751
0.10516
0.042312
0.043644
0.052907
0.059614
0.065044
0.067179
0.062828
0.058834
0.060536
0.059017
0.058646
0.057996
0.057247
0.05674
0.05667
0.057017
0.057768
0.058909
0.060373
0.062016
0.063309
0.062846
0.060921
0.061603
0.065229
0.071022
0.080822
0.10058
0.040705
0.042443
0.051646
0.058446
0.064078
0.06648
0.062269
0.058247
0.060094
0.063317
0.063236
0.063058
0.062819
0.062704
0.062843
0.063143
0.063522
0.064053
0.064881
0.066046
0.067109
0.066465
0.063689
0.062935
0.065177
0.069486
0.076998
0.091759
0.042431
0.045523
0.052254
0.057302
0.061519
0.062956
0.058667
0.054631
0.055549
-16.371
-52.138
0.43591
0
0.83298
10.247
