0.10125
0.10115
0.10103
0.1009
0.10081
0.10082
0.10098
0.1014
0.1022
0.10346
0.1051
0.10637
0.10516
0.10178
0.10209
0.1065
0.11369
0.12606
0.15495
0.093409
0.085779
0.093048
0.10031
0.10692
0.10856
0.099322
0.090475
0.091344
0.099494
0.099314
0.099139
0.099045
0.099078
0.099203
0.099444
0.099936
0.10083
0.10219
0.10395
0.10537
0.10436
0.10111
0.10141
0.10582
0.11311
0.12583
0.15594
0.092337
0.083729
0.091285
0.098781
0.10555
0.10737
0.098488
0.090021
0.091111
0.10058
0.10051
0.10037
0.10019
0.10003
0.09996
0.10006
0.10047
0.10135
0.10274
0.10453
0.10596
0.1048
0.10121
0.10122
0.10544
0.11246
0.1246
0.15243
0.087998
0.082147
0.090077
0.097461
0.10388
0.1053
0.096484
0.088506
0.0897
0.096633
0.096657
0.096754
0.096843
0.096836
0.096762
0.096775
0.097064
0.097789
0.099032
0.10071
0.10211
0.10104
0.097297
0.096745
0.10037
0.1069
0.11843
0.14391
0.07915
0.076344
0.084689
0.091983
0.098357
0.10007
0.091636
0.083242
0.083778
-12.326
-61.02
0.28375
0
0.87212
18.628
