0.045801
0.04571
0.045521
0.045302
0.045198
0.045267
0.045442
0.045691
0.046053
0.046568
0.047182
0.047543
0.046717
0.044969
0.044923
0.0466
0.04927
0.053525
0.060865
0.0314
0.035375
0.039381
0.042317
0.044599
0.044704
0.040837
0.037786
0.03842
0.047311
0.047251
0.047095
0.046871
0.046671
0.046564
0.046546
0.04665
0.046957
0.047531
0.048337
0.04902
0.048488
0.046641
0.046317
0.047927
0.050727
0.055333
0.06382
0.033539
0.036578
0.040765
0.043987
0.046577
0.046913
0.043016
0.0398
0.040396
0.045979
0.045966
0.045898
0.04564
0.045237
0.044969
0.04501
0.045328
0.045851
0.046556
0.047398
0.048013
0.047263
0.045126
0.044737
0.046517
0.049676
0.054968
0.0648
0.02918
0.032633
0.037528
0.041093
0.044007
0.044809
0.041363
0.038242
0.038913
0.04673
0.046819
0.046958
0.046969
0.046739
0.046378
0.046041
0.045804
0.045726
0.045863
0.046198
0.046404
0.045448
0.043246
0.04252
0.043634
0.045787
0.049192
0.053106
0.021053
0.030553
0.034873
0.037515
0.039374
0.039156
0.035322
0.032442
0.03316
-18.93
-51.006
0.42478
0
0.78861
10.296
