0.11927
0.1193
0.11965
0.12055
0.12181
0.12292
0.12379
0.12472
0.126
0.12776
0.12988
0.13145
0.13006
0.1267
0.12843
0.13518
0.14562
0.16417
0.21383
0.13991
0.11412
0.12154
0.13201
0.14277
0.14707
0.13453
0.11981
0.11949
0.11556
0.11573
0.11641
0.11761
0.11894
0.11995
0.12065
0.12134
0.12234
0.12384
0.12582
0.12752
0.12664
0.12339
0.1242
0.12989
0.13948
0.15716
0.20465
0.13351
0.10916
0.11607
0.12577
0.13593
0.14028
0.12857
0.11399
0.11285
0.11439
0.11454
0.11513
0.11613
0.11722
0.11804
0.11861
0.11919
0.12008
0.12144
0.12323
0.12462
0.12329
0.11952
0.1199
0.12511
0.1339
0.14976
0.19029
0.11976
0.10239
0.11009
0.11951
0.1291
0.13301
0.12159
0.10769
0.10685
0.1134
0.11358
0.11419
0.11523
0.11637
0.11729
0.11802
0.11886
0.12008
0.12179
0.12393
0.12568
0.12467
0.12127
0.12224
0.12826
0.13824
0.15652
0.20576
0.13481
0.10891
0.11586
0.12581
0.13628
0.14098
0.12951
0.11489
0.1136
-10.997
-59.271
0.16708
0
0.33754
9.9078
