0.065787
0.065783
0.065789
0.065792
0.065787
0.065797
0.065889
0.066179
0.066796
0.067811
0.06915
0.070227
0.069278
0.066202
0.065714
0.068497
0.073385
0.081585
0.096915
0.041311
0.04679
0.054645
0.060203
0.0646
0.065871
0.061325
0.05755
0.058895
0.065
0.065023
0.065077
0.065049
0.064872
0.064644
0.06451
0.064596
0.065006
0.0658
0.066904
0.067776
0.066748
0.063591
0.06269
0.064809
0.068817
0.075508
0.086537
0.03508
0.044596
0.051875
0.056752
0.060556
0.061526
0.057113
0.053273
0.054136
0.06418
0.064208
0.064175
0.064035
0.063828
0.06369
0.063733
0.064031
0.064645
0.065601
0.066809
0.067697
0.066601
0.063597
0.063245
0.066018
0.07074
0.07852
0.092844
0.041355
0.046708
0.054036
0.059339
0.063622
0.064862
0.060172
0.056014
0.057021
0.062741
0.062773
0.062803
0.062748
0.062587
0.062422
0.062378
0.062556
0.063052
0.063916
0.065084
0.066044
0.065185
0.06226
0.061495
0.06366
0.067677
0.074327
0.085348
0.036352
0.045074
0.052107
0.056948
0.0608
0.061823
0.057313
0.053274
0.054061
-16.592
-61.012
0.43279
0
0.4879
3.5491
