0.080684
0.080995
0.082024
0.083666
0.085402
0.086789
0.087962
0.089289
0.091061
0.09345
0.096454
0.099459
0.10044
0.099476
0.10247
0.11069
0.1242
0.14961
0.21714
0.12799
0.081685
0.091128
0.10514
0.11976
0.12884
0.12091
0.10804
0.10937
0.087007
0.087244
0.088039
0.089249
0.090466
0.091448
0.092391
0.093602
0.095296
0.097593
0.10046
0.10327
0.10391
0.10234
0.10457
0.11188
0.12403
0.14671
0.20676
0.12471
0.087555
0.096344
0.10876
0.1217
0.12928
0.12082
0.10826
0.10896
0.091688
0.091831
0.092466
0.093454
0.094416
0.095152
0.095879
0.096893
0.098368
0.10038
0.10289
0.10525
0.10543
0.10357
0.10548
0.11214
0.1231
0.14337
0.1968
0.11992
0.08962
0.098189
0.10966
0.12149
0.12797
0.11916
0.10698
0.10752
0.096247
0.096247
0.096606
0.097509
0.098768
0.099831
0.1005
0.10106
0.1019
0.10329
0.10514
0.10666
0.1058
0.10345
0.10553
0.11194
0.12159
0.13826
0.17988
0.10971
0.09126
0.099821
0.11018
0.12067
0.12549
0.11515
0.10255
0.10325
-10.893
-56.158
0.05172
0
0.36761
19.24
