0.087005
0.087325
0.088254
0.089653
0.091079
0.092275
0.093478
0.094994
0.096986
0.099536
0.10259
0.10544
0.1058
0.10397
0.10662
0.11491
0.12859
0.15418
0.22043
0.12221
0.079314
0.091663
0.1068
0.12169
0.13035
0.12163
0.10862
0.11035
0.09369
0.093867
0.094657
0.095992
0.097387
0.098416
0.099224
0.10018
0.10156
0.10347
0.10587
0.10806
0.10801
0.10622
0.10862
0.11582
0.12733
0.14833
0.20161
0.11289
0.085027
0.096478
0.10949
0.1222
0.12892
0.1197
0.10764
0.10939
0.096642
0.096797
0.097296
0.098049
0.098824
0.09953
0.10035
0.10152
0.10317
0.10537
0.10803
0.11039
0.11017
0.10772
0.10968
0.11691
0.1287
0.15023
0.20451
0.11438
0.086375
0.097987
0.11097
0.12356
0.13015
0.12087
0.10869
0.11006
0.099701
0.099807
0.10035
0.10119
0.10201
0.10263
0.10325
0.10413
0.10548
0.10742
0.10992
0.11232
0.1125
0.11045
0.11217
0.11879
0.12982
0.15026
0.20441
0.12678
0.096588
0.10476
0.11585
0.12726
0.13313
0.12361
0.11132
0.11204
-10.386
-55.267
0.053862
0
0.71343
37.625
