0.12229
0.12243
0.12296
0.12389
0.12496
0.12584
0.12652
0.12727
0.12832
0.12983
0.13172
0.13316
0.13175
0.12799
0.12873
0.13443
0.1438
0.16074
0.20641
0.13875
0.11595
0.1226
0.13218
0.14222
0.14602
0.13289
0.11708
0.11566
0.12332
0.12349
0.12402
0.12464
0.12499
0.12504
0.12516
0.12566
0.12667
0.12821
0.13015
0.13177
0.13075
0.12702
0.12705
0.13198
0.14083
0.15754
0.20129
0.12333
0.10348
0.11179
0.12171
0.13157
0.13533
0.12322
0.10882
0.1081
0.12054
0.12067
0.12123
0.12217
0.12317
0.12393
0.12456
0.12533
0.12646
0.12806
0.13007
0.13169
0.13058
0.12715
0.12808
0.13399
0.14375
0.16155
0.20921
0.13783
0.1141
0.1213
0.13124
0.14147
0.14543
0.13265
0.11734
0.11622
0.11888
0.11899
0.11947
0.12043
0.12171
0.12291
0.12396
0.12508
0.12649
0.12832
0.13048
0.13207
0.13062
0.12688
0.12814
0.13464
0.14502
0.16362
0.21401
0.14463
0.11822
0.12495
0.13501
0.14559
0.14978
0.13666
0.1207
0.11933
-10.057
-52.347
0.16798
0
0.78861
29.362
