0.10293
0.1032
0.10416
0.10574
0.10744
0.10876
0.10983
0.11103
0.11266
0.1149
0.11774
0.12046
0.12076
0.11893
0.12162
0.12985
0.1433
0.16825
0.23224
0.12907
0.092706
0.10557
0.12037
0.13463
0.14198
0.13146
0.11814
0.12058
0.10912
0.10926
0.10982
0.11074
0.11171
0.11254
0.11342
0.11465
0.11642
0.11882
0.12178
0.12442
0.12412
0.1213
0.12347
0.13155
0.14478
0.16903
0.22955
0.12169
0.090898
0.10544
0.12056
0.13469
0.14169
0.13083
0.1173
0.11949
0.11281
0.11288
0.11342
0.11437
0.11534
0.11601
0.11653
0.1173
0.11859
0.12052
0.12301
0.12526
0.12495
0.12245
0.12434
0.13135
0.14269
0.16323
0.21429
0.11963
0.097602
0.10986
0.12276
0.13488
0.14021
0.12917
0.11668
0.11871
0.11511
0.11518
0.1156
0.11623
0.11674
0.11701
0.11738
0.11821
0.11969
0.12185
0.12457
0.12701
0.12665
0.12372
0.12528
0.1323
0.14381
0.16458
0.21543
0.11716
0.096294
0.10928
0.12251
0.13491
0.14064
0.13013
0.11786
0.11973
-9.7166
-49.635
0.05104
0
0.11201
2.8776
