0.088058
0.088399
0.089476
0.091177
0.092909
0.094221
0.09535
0.096703
0.098499
0.10083
0.10364
0.10625
0.10655
0.10506
0.10809
0.11651
0.13019
0.1557
0.22108
0.11867
0.077099
0.090618
0.10614
0.12107
0.12946
0.12023
0.10699
0.10903
0.094821
0.095014
0.095746
0.097012
0.098425
0.099579
0.10056
0.1017
0.10326
0.10539
0.10805
0.11056
0.11075
0.10879
0.11091
0.11816
0.13014
0.15238
0.20923
0.11578
0.084231
0.096093
0.10957
0.12262
0.12956
0.12048
0.10854
0.11036
0.09904
0.099224
0.09982
0.10075
0.1017
0.10243
0.10313
0.10412
0.1056
0.10766
0.11021
0.11248
0.1122
0.10968
0.11146
0.11837
0.12964
0.1502
0.20204
0.11264
0.086898
0.098393
0.11105
0.12322
0.12932
0.11979
0.10777
0.10917
0.10037
0.10071
0.10148
0.10237
0.10288
0.10294
0.10301
0.10354
0.10476
0.1067
0.1092
0.11148
0.11109
0.10794
0.10875
0.11485
0.12553
0.14548
0.1967
0.11534
0.089769
0.099863
0.11152
0.12297
0.12876
0.11913
0.10618
0.10581
-11.076
-55.782
0.052408
0
0.98956
60.545
