0.094287
0.094326
0.094458
0.09466
0.094845
0.09497
0.095153
0.095591
0.096434
0.09774
0.099395
0.10067
0.099452
0.095941
0.095998
0.10018
0.10717
0.11933
0.14778
0.087463
0.079848
0.087165
0.094394
0.10099
0.10285
0.094096
0.085285
0.085783
0.095295
0.095303
0.095359
0.095368
0.095237
0.094989
0.094761
0.094759
0.095177
0.096095
0.097395
0.098347
0.096852
0.09294
0.092238
0.095356
0.10083
0.11013
0.12993
0.076881
0.076238
0.083009
0.08915
0.094602
0.095626
0.086977
0.078581
0.078837
0.09376
0.093839
0.094065
0.094495
0.095015
0.095383
0.095562
0.09576
0.096241
0.097169
0.098499
0.099558
0.098311
0.094752
0.094342
0.097731
0.10362
0.11388
0.13791
0.085188
0.079627
0.085878
0.092117
0.097791
0.099019
0.090427
0.081935
0.081965
0.092493
0.092539
0.092661
0.092769
0.092754
0.092635
0.092577
0.092783
0.093395
0.094453
0.095827
0.096823
0.095518
0.092203
0.092203
0.095882
0.10196
0.11235
0.13628
0.083768
0.078525
0.084849
0.091128
0.096841
0.098038
0.089247
0.080642
0.080894
-12.839
-51.853
0.28278
0
0.97651
20.098
