0.094654
0.094937
0.095946
0.097671
0.099536
0.10093
0.10196
0.10307
0.10461
0.10674
0.10941
0.11185
0.11192
0.11049
0.11401
0.12291
0.1369
0.16246
0.22674
0.11939
0.08172
0.096275
0.11207
0.12701
0.13474
0.12367
0.10892
0.11103
0.097288
0.09751
0.098384
0.099806
0.10128
0.10239
0.10333
0.10449
0.10615
0.10848
0.11145
0.11436
0.11495
0.11323
0.1157
0.12366
0.13686
0.16151
0.22543
0.12718
0.088689
0.10044
0.11475
0.12885
0.13659
0.1272
0.11453
0.1167
0.10021
0.1004
0.10109
0.10203
0.10289
0.1036
0.10442
0.10562
0.10737
0.10975
0.11275
0.11566
0.11612
0.11395
0.11582
0.12329
0.13599
0.15977
0.22213
0.13319
0.097062
0.10696
0.11994
0.13319
0.14061
0.13119
0.11783
0.11831
0.10484
0.10494
0.10545
0.10619
0.10685
0.10735
0.1079
0.10877
0.11017
0.11222
0.11489
0.11751
0.11785
0.11563
0.11707
0.12366
0.13496
0.15613
0.21168
0.12846
0.098548
0.10775
0.11944
0.13123
0.13714
0.12706
0.1141
0.11457
-10.01
-55.388
0.051587
0
0.4879
22.771
