0.087846
0.088115
0.08898
0.090379
0.091855
0.093008
0.093977
0.095111
0.096648
0.098712
0.10126
0.10361
0.10374
0.10208
0.10463
0.11211
0.12417
0.14639
0.20309
0.1112
0.078455
0.090459
0.10427
0.11778
0.1253
0.11641
0.1038
0.1052
0.091751
0.091949
0.092647
0.093724
0.094818
0.095712
0.096574
0.097688
0.099265
0.10143
0.10417
0.10683
0.1073
0.10551
0.10747
0.11448
0.12625
0.14834
0.20762
0.12903
0.092783
0.1006
0.11219
0.12435
0.1311
0.12198
0.10918
0.10955
0.094352
0.094449
0.094993
0.095843
0.096679
0.097333
0.097946
0.098755
0.099962
0.1017
0.10394
0.10607
0.10608
0.10391
0.10519
0.11102
0.1209
0.13922
0.18723
0.11582
0.090756
0.098766
0.10918
0.11994
0.12559
0.11657
0.1044
0.10436
0.098511
0.098618
0.099045
0.099729
0.10045
0.10105
0.10166
0.10251
0.10379
0.1056
0.10787
0.10987
0.10944
0.10691
0.10845
0.11475
0.12491
0.14321
0.1905
0.11804
0.094329
0.1026
0.11319
0.12405
0.12947
0.11981
0.10731
0.10748
-10.586
-60.568
0.051876
0
0.95824
48.019
