0.064695
0.064668
0.064595
0.06448
0.06438
0.06438
0.064552
0.064956
0.065642
0.066638
0.067876
0.068813
0.067812
0.06491
0.064606
0.067405
0.072163
0.080015
0.094457
0.041629
0.047348
0.05496
0.060512
0.065052
0.066533
0.061984
0.057907
0.059065
0.063633
0.063615
0.063511
0.063146
0.062536
0.061947
0.061564
0.06144
0.061627
0.06216
0.062968
0.06357
0.0625
0.059571
0.05862
0.060295
0.063571
0.068952
0.076096
0.025701
0.0399
0.046746
0.050879
0.053835
0.05399
0.049277
0.045786
0.047141
0.06209
0.062177
0.062329
0.062343
0.062066
0.061634
0.061321
0.061321
0.061733
0.062577
0.063757
0.064736
0.063896
0.061037
0.060411
0.062735
0.066926
0.073847
0.086005
0.039153
0.045624
0.052391
0.057276
0.061271
0.062429
0.057835
0.05355
0.054239
0.06009
0.060139
0.060273
0.060492
0.060735
0.060894
0.06096
0.06107
0.061421
0.062141
0.063193
0.064072
0.063219
0.060491
0.059995
0.062382
0.066658
0.073887
0.087496
0.039462
0.044066
0.050917
0.055931
0.06002
0.061265
0.05683
0.052715
0.05347
-15.966
-51.995
0.44054
0
0.71343
8.7536
