0.087757
0.08799
0.088878
0.090387
0.091995
0.093235
0.094291
0.095545
0.097193
0.099299
0.10177
0.10387
0.1036
0.10205
0.10549
0.11405
0.12735
0.15151
0.2118
0.10892
0.073313
0.087779
0.10304
0.1173
0.12469
0.11443
0.10072
0.1028
0.092988
0.093255
0.094094
0.095518
0.09707
0.098271
0.099248
0.10036
0.10183
0.10374
0.10601
0.10791
0.10743
0.10549
0.10826
0.11592
0.12789
0.14955
0.20336
0.10735
0.079774
0.09282
0.10638
0.11897
0.12483
0.11411
0.10109
0.10298
0.095409
0.095604
0.096262
0.09725
0.098194
0.098882
0.099543
0.10053
0.10208
0.1043
0.1071
0.10971
0.10976
0.10723
0.10892
0.11609
0.12812
0.15038
0.2078
0.1201
0.087568
0.09797
0.11069
0.12334
0.13022
0.12116
0.1088
0.1098
0.098817
0.098842
0.099201
0.099922
0.10078
0.10152
0.1022
0.10309
0.10439
0.1062
0.10844
0.11036
0.10981
0.10733
0.10912
0.11567
0.12611
0.14484
0.19135
0.10712
0.086476
0.09757
0.1095
0.12095
0.12648
0.11692
0.10512
0.10628
-10.446
-54.477
0.051966
0
0.97651
53.609
