0.10336
0.10355
0.10413
0.10508
0.10614
0.10703
0.10784
0.10891
0.11053
0.11287
0.11587
0.11858
0.11774
0.11257
0.11167
0.11713
0.12723
0.14495
0.17974
0.057452
0.065745
0.084276
0.096171
0.10519
0.10884
0.10314
0.098796
0.10268
0.10167
0.10191
0.10258
0.10346
0.10419
0.10468
0.10518
0.10602
0.10743
0.10957
0.11236
0.11483
0.11366
0.10793
0.10628
0.11096
0.12009
0.13592
0.16492
0.050475
0.066049
0.08336
0.094523
0.10337
0.10741
0.10185
0.096463
0.099208
0.10315
0.10334
0.10385
0.10454
0.10512
0.10551
0.10597
0.10686
0.10842
0.11073
0.11367
0.11615
0.11477
0.10902
0.10804
0.11366
0.12384
0.14139
0.17541
0.056326
0.065132
0.083445
0.095416
0.10472
0.10876
0.10305
0.098196
0.1018
0.098264
0.098587
0.099419
0.10059
0.1017
0.10251
0.10319
0.10407
0.10542
0.10742
0.11003
0.11237
0.11131
0.10585
0.10413
0.10843
0.11708
0.13232
0.16026
0.044635
0.061432
0.078628
0.08921
0.097244
0.10052
0.095007
0.090257
0.093174
-11.808
-52.032
0.16065
0
0.93476
34.302
