0.11502
0.115
0.11468
0.11405
0.11337
0.11299
0.11296
0.1133
0.11414
0.11562
0.11762
0.11914
0.11715
0.11148
0.11009
0.11404
0.12106
0.13221
0.14892
0.063386
0.082162
0.094378
0.10248
0.10866
0.10977
0.10169
0.095097
0.096548
0.11397
0.11393
0.1138
0.11361
0.11346
0.11342
0.11352
0.11389
0.11473
0.11619
0.11818
0.11969
0.11777
0.11226
0.11104
0.11512
0.1223
0.13382
0.15235
0.068301
0.08366
0.095588
0.10379
0.11019
0.11155
0.10368
0.097248
0.098824
0.11272
0.11265
0.11248
0.11208
0.11153
0.11106
0.11077
0.11066
0.11086
0.11149
0.11248
0.11294
0.11027
0.10447
0.10238
0.10457
0.10867
0.1142
0.1142
0.05366
0.080881
0.089806
0.095069
0.098633
0.097603
0.088879
0.082471
0.083356
0.11239
0.11228
0.11221
0.1122
0.11217
0.11204
0.11188
0.11194
0.11248
0.11361
0.11521
0.11632
0.11428
0.10925
0.10831
0.11195
0.11793
0.12681
0.13796
0.068187
0.085974
0.096045
0.10298
0.10837
0.10908
0.10149
0.095722
0.097219
-10.75
-49.036
0.20605
0
0.41272
10.456
