0.1002
0.10004
0.099827
0.099499
0.099079
0.098734
0.098663
0.09903
0.099914
0.10131
0.10304
0.1043
0.10294
0.09944
0.099876
0.10452
0.11196
0.12464
0.15407
0.091577
0.083955
0.091584
0.099095
0.10589
0.10769
0.098523
0.089643
0.090551
0.098432
0.098339
0.098217
0.098217
0.09845
0.098818
0.09922
0.099753
0.10062
0.10196
0.10374
0.10527
0.10437
0.101
0.10106
0.10532
0.11257
0.12532
0.15477
0.086383
0.079477
0.0879
0.095701
0.10256
0.10454
0.096309
0.088603
0.089906
0.095259
0.095026
0.094764
0.094428
0.094085
0.093863
0.093791
0.093899
0.094294
0.095067
0.096167
0.097011
0.095805
0.092527
0.092051
0.095054
0.10044
0.10973
0.12782
0.064434
0.068902
0.077072
0.083383
0.088587
0.089263
0.080707
0.073186
0.074691
0.095102
0.094975
0.094856
0.094789
0.094826
0.094951
0.095142
0.09548
0.096119
0.097176
0.09861
0.099801
0.098845
0.095775
0.095779
0.099508
0.10585
0.11687
0.14146
0.080524
0.077002
0.084537
0.091345
0.097304
0.098633
0.090184
0.082285
0.083147
-12.088
-58.251
0.28367
0
0.90605
20.172
