0.086788
0.087066
0.088061
0.089576
0.091089
0.092295
0.093401
0.094749
0.096593
0.099099
0.10229
0.1056
0.10693
0.10595
0.10861
0.11664
0.13023
0.15611
0.22622
0.14016
0.093068
0.10114
0.1144
0.12858
0.13729
0.12884
0.11551
0.11618
0.093004
0.093219
0.093929
0.094963
0.095933
0.096715
0.097607
0.098897
0.10071
0.10311
0.10603
0.10879
0.10909
0.10694
0.10893
0.11639
0.12894
0.15253
0.21424
0.12368
0.086314
0.096943
0.11028
0.12351
0.13084
0.12191
0.10939
0.1105
0.097674
0.097805
0.098361
0.099341
0.10044
0.10132
0.10207
0.10301
0.10439
0.10634
0.10878
0.11097
0.11065
0.10817
0.10997
0.11675
0.12764
0.14725
0.19629
0.11032
0.086858
0.097841
0.11006
0.12196
0.12794
0.11851
0.10668
0.10819
0.097957
0.098069
0.09862
0.099419
0.10012
0.10061
0.10108
0.10179
0.10291
0.10458
0.10675
0.10874
0.10844
0.10582
0.10678
0.11236
0.12181
0.13911
0.18341
0.11229
0.091659
0.10016
0.11047
0.12095
0.12626
0.11705
0.10499
0.105
-10.714
-59.931
0.051864
0
0.71343
36.669
