0.1275
0.12764
0.12813
0.12892
0.12971
0.13029
0.13079
0.13149
0.13265
0.13441
0.1367
0.1387
0.13774
0.13375
0.13397
0.13961
0.14945
0.16762
0.21541
0.13716
0.11462
0.12265
0.13287
0.14319
0.14714
0.13444
0.11941
0.11848
0.12527
0.12537
0.1259
0.12687
0.12802
0.12893
0.12956
0.13019
0.13113
0.13258
0.13445
0.13586
0.1343
0.13029
0.13093
0.1367
0.14619
0.1632
0.20754
0.1357
0.11572
0.12321
0.13289
0.14272
0.14613
0.13285
0.11749
0.11651
0.1243
0.12446
0.12504
0.12602
0.12705
0.1278
0.12834
0.129
0.13009
0.13178
0.13402
0.13602
0.13518
0.13145
0.13192
0.13776
0.14783
0.16631
0.21432
0.13494
0.1127
0.12105
0.13145
0.14192
0.14611
0.13381
0.11919
0.11854
0.12164
0.12186
0.12252
0.12357
0.12465
0.12545
0.12605
0.12678
0.12795
0.12974
0.13209
0.13408
0.13301
0.12888
0.1292
0.13512
0.14533
0.1639
0.21052
0.12587
0.10625
0.11583
0.12667
0.13734
0.14178
0.13001
0.11592
0.11563
-10.021
-57.157
0.16736
0
0.93476
35.327
