0.10619
0.10635
0.10693
0.1079
0.10893
0.10971
0.11026
0.11085
0.11173
0.11302
0.11464
0.11584
0.11448
0.11099
0.11146
0.11639
0.12461
0.13947
0.17834
0.1155
0.097533
0.10416
0.11293
0.12213
0.12603
0.11497
0.10092
0.09946
0.11116
0.11142
0.11204
0.11305
0.11407
0.1147
0.1151
0.11565
0.11661
0.11798
0.11957
0.12052
0.11892
0.11618
0.11807
0.12395
0.13262
0.14811
0.19384
0.14209
0.11442
0.118
0.12588
0.13463
0.1377
0.1253
0.11057
0.10878
0.10412
0.10414
0.1045
0.10529
0.10633
0.10733
0.10824
0.10923
0.11048
0.11211
0.11407
0.11564
0.11474
0.11193
0.11328
0.11915
0.12854
0.14557
0.19265
0.13185
0.10538
0.11079
0.11991
0.13
0.13484
0.12401
0.10959
0.10796
0.10311
0.10315
0.10355
0.10443
0.10557
0.10658
0.10746
0.10844
0.10971
0.11133
0.11317
0.11445
0.11312
0.11013
0.11162
0.11756
0.12678
0.14318
0.18768
0.12821
0.10471
0.1105
0.1195
0.12922
0.13362
0.12276
0.10886
0.10761
-11.449
-51.352
0.16711
0
0.78861
27.141
