0.11398
0.11399
0.11391
0.1136
0.11307
0.11256
0.11222
0.1122
0.11269
0.11381
0.11546
0.11672
0.11478
0.10925
0.1074
0.11045
0.11632
0.12566
0.13751
0.056163
0.078595
0.089934
0.09713
0.10248
0.10293
0.094495
0.087734
0.089101
0.11361
0.11357
0.11343
0.11302
0.11232
0.11158
0.111
0.11074
0.11095
0.11174
0.11298
0.1138
0.11161
0.10622
0.10443
0.10716
0.1124
0.12056
0.1292
0.050922
0.075797
0.086687
0.093469
0.098444
0.098628
0.09027
0.083726
0.08522
0.11585
0.11574
0.11541
0.11493
0.11443
0.11406
0.11389
0.11407
0.11478
0.11611
0.11794
0.11937
0.11775
0.11308
0.11239
0.11634
0.12296
0.13344
0.15069
0.074824
0.087074
0.097694
0.10538
0.11143
0.11245
0.10443
0.098173
0.099816
0.11245
0.11245
0.11227
0.11183
0.11121
0.1107
0.11044
0.1106
0.11131
0.11267
0.11458
0.11615
0.11467
0.10976
0.10852
0.11213
0.11871
0.1295
0.14768
0.070944
0.082813
0.093406
0.10093
0.10685
0.10785
0.099587
0.09266
0.093851
-10.733
-50.689
0.2043
0
0.26236
4.672
