0.083984
0.084012
0.084551
0.085571
0.086751
0.087802
0.088846
0.090176
0.091998
0.09441
0.09734
0.10005
0.10029
0.098402
0.10099
0.10908
0.12229
0.14681
0.21077
0.12051
0.078565
0.08943
0.10391
0.11877
0.12814
0.12061
0.10787
0.10888
0.092505
0.092585
0.093014
0.093832
0.09482
0.095707
0.09654
0.097531
0.098844
0.10057
0.10264
0.10437
0.1038
0.10157
0.10344
0.10973
0.11961
0.13728
0.18151
0.10434
0.084383
0.094539
0.10593
0.11712
0.12273
0.11349
0.10159
0.10235
0.095467
0.095858
0.09679
0.097904
0.098574
0.09863
0.098583
0.099003
0.10018
0.10214
0.10465
0.10674
0.10579
0.10225
0.10353
0.11027
0.12123
0.14093
0.19092
0.11083
0.085333
0.095613
0.10774
0.1198
0.12614
0.11665
0.10359
0.10362
0.09371
0.093627
0.093827
0.094447
0.095413
0.096464
0.097508
0.098654
0.10006
0.10183
0.10393
0.10569
0.10519
0.10303
0.1049
0.11111
0.12083
0.13806
0.18153
0.1094
0.089412
0.098229
0.10874
0.11931
0.12449
0.1152
0.10356
0.10428
-11.753
-51.133
0.054774
0
1
70.414
