0.079193
0.079616
0.08094
0.0829
0.0848
0.086267
0.087623
0.089279
0.091452
0.094268
0.097738
0.1013
0.10294
0.10265
0.10637
0.1157
0.13112
0.16053
0.2395
0.14131
0.082544
0.092339
0.10824
0.12493
0.13582
0.12835
0.11502
0.11691
0.088069
0.088325
0.089245
0.090705
0.092165
0.093262
0.094266
0.09557
0.097356
0.099677
0.10244
0.10489
0.10495
0.10338
0.10667
0.11537
0.12922
0.1547
0.21906
0.11573
0.076066
0.090351
0.10623
0.12147
0.13008
0.12054
0.1065
0.10811
0.091658
0.091905
0.092776
0.094196
0.095654
0.09673
0.097626
0.09874
0.10031
0.10242
0.10498
0.10726
0.10714
0.10523
0.10789
0.11577
0.12845
0.15186
0.21158
0.11481
0.079883
0.092664
0.10711
0.12105
0.12867
0.11934
0.10637
0.10797
0.094077
0.094231
0.094863
0.095874
0.09694
0.097854
0.098766
0.099926
0.10151
0.10365
0.10631
0.10885
0.1092
0.10756
0.10991
0.11728
0.12936
0.15176
0.20973
0.11974
0.086142
0.096746
0.10964
0.12235
0.12908
0.11986
0.10787
0.10974
-11.035
-53.951
0.050268
0
0.33754
17.221
