0.085135
0.085443
0.086459
0.088088
0.089751
0.090999
0.092059
0.093329
0.095008
0.097174
0.099767
0.10209
0.10213
0.10059
0.10369
0.11203
0.12536
0.14991
0.21185
0.11125
0.073235
0.087157
0.10244
0.11701
0.12516
0.11591
0.10243
0.10396
0.090644
0.090817
0.091439
0.092535
0.093788
0.094845
0.095783
0.096877
0.098314
0.10018
0.10237
0.10408
0.10323
0.10088
0.10337
0.11073
0.12209
0.14228
0.19156
0.10219
0.079715
0.092508
0.10574
0.11828
0.1245
0.11437
0.10124
0.10241
0.096917
0.096996
0.097445
0.098297
0.099275
0.10007
0.10077
0.10165
0.10291
0.1046
0.10661
0.10813
0.1071
0.10451
0.1066
0.11331
0.12365
0.14179
0.18532
0.099999
0.083847
0.095907
0.10794
0.11913
0.12405
0.11357
0.10115
0.1023
0.099386
0.099419
0.099674
0.10021
0.10089
0.10151
0.10217
0.10307
0.10435
0.10603
0.10796
0.10925
0.10773
0.10455
0.10624
0.11249
0.12201
0.13849
0.17834
0.10189
0.08782
0.098463
0.10954
0.12002
0.12445
0.11392
0.10152
0.10212
-11.612
-55.4
0.051559
0
0.95824
49.374
