0.095363
0.095477
0.096009
0.096857
0.097735
0.098436
0.099031
0.099746
0.10085
0.10257
0.1049
0.10701
0.10598
0.10108
0.099843
0.10411
0.1122
0.12595
0.1495
0.045497
0.064935
0.080282
0.089873
0.097278
0.10036
0.095402
0.091295
0.094179
0.0927
0.092923
0.093587
0.094629
0.095752
0.096695
0.097581
0.09873
0.10043
0.10285
0.10597
0.10889
0.10834
0.10319
0.10189
0.10694
0.11676
0.13414
0.16829
0.049888
0.057557
0.076075
0.087713
0.096587
0.10063
0.096071
0.092438
0.096267
0.090858
0.091092
0.0918
0.092796
0.093697
0.094349
0.094994
0.095954
0.097462
0.099668
0.10255
0.10529
0.10489
0.1001
0.098706
0.10325
0.11239
0.12885
0.16132
0.046518
0.054485
0.072348
0.083416
0.091814
0.095664
0.091321
0.087679
0.091064
0.088099
0.088345
0.089121
0.090257
0.091363
0.092212
0.092959
0.093901
0.095315
0.097408
0.10018
0.1028
0.10222
0.097138
0.095385
0.099604
0.10838
0.12422
0.15494
0.041136
0.051699
0.069512
0.080367
0.088635
0.092574
0.088547
0.085113
0.088678
-13.029
-57.054
0.16083
0
0.41272
14.613
