0.10037
0.10017
0.099855
0.099488
0.099234
0.099196
0.099368
0.099796
0.10059
0.10185
0.1035
0.10484
0.10383
0.10073
0.10115
0.10559
0.11282
0.12538
0.15508
0.092513
0.084037
0.091443
0.098873
0.10564
0.10746
0.098487
0.089808
0.090703
0.099558
0.099491
0.099421
0.099477
0.099719
0.10005
0.10043
0.101
0.10191
0.10328
0.10501
0.1064
0.10529
0.1019
0.10219
0.10666
0.114
0.12671
0.1556
0.086762
0.081044
0.089716
0.09762
0.1045
0.10631
0.097685
0.089764
0.091135
0.098186
0.098195
0.098235
0.098328
0.098469
0.098598
0.098717
0.098983
0.099611
0.10074
0.10231
0.10361
0.10246
0.098736
0.09831
0.10206
0.1087
0.12039
0.14663
0.082267
0.078304
0.086386
0.093592
0.099849
0.10132
0.09263
0.084296
0.084892
0.09688
0.09676
0.096577
0.096275
0.09592
0.095679
0.09565
0.095902
0.096528
0.097591
0.09901
0.10013
0.098982
0.095617
0.095403
0.098975
0.10511
0.1157
0.13864
0.078126
0.076553
0.084219
0.090925
0.096711
0.09782
0.089111
0.080975
0.08168
-12.09
-56.367
0.28233
0
0.4879
7.7083
