0.091163
0.091477
0.092482
0.093952
0.095323
0.096331
0.097309
0.098646
0.10054
0.10308
0.1062
0.10921
0.1099
0.1085
0.11151
0.12013
0.13427
0.16077
0.23073
0.13531
0.08976
0.10055
0.1154
0.13057
0.13951
0.13015
0.11594
0.11715
0.098852
0.099018
0.099711
0.10088
0.10207
0.10292
0.10366
0.10471
0.10622
0.10819
0.11048
0.11221
0.11129
0.109
0.11192
0.11988
0.13206
0.15376
0.20731
0.11209
0.086785
0.10007
0.11406
0.12728
0.13365
0.12245
0.10819
0.10941
0.10423
0.10443
0.10501
0.10592
0.10685
0.10755
0.10818
0.10909
0.1105
0.11249
0.11495
0.11705
0.11646
0.1137
0.11551
0.12245
0.13364
0.15397
0.20553
0.11684
0.091703
0.10299
0.11565
0.12787
0.13375
0.12333
0.11034
0.11135
0.10224
0.10237
0.10291
0.10371
0.10447
0.10508
0.1057
0.10655
0.10783
0.10965
0.11197
0.11414
0.11404
0.1117
0.11311
0.11935
0.12984
0.14932
0.20057
0.12445
0.097534
0.10593
0.11693
0.12831
0.13417
0.12426
0.11097
0.11078
-10.326
-55.968
0.05153
1
0.87212
30.119
