0.11558
0.11543
0.11514
0.11474
0.11435
0.11411
0.11401
0.11411
0.11458
0.11558
0.11701
0.11796
0.11578
0.11058
0.10936
0.1127
0.11837
0.12694
0.13878
0.076989
0.090218
0.098942
0.10525
0.11016
0.11007
0.10079
0.093289
0.094007
0.11672
0.11659
0.11605
0.11512
0.11415
0.11357
0.11348
0.11386
0.11471
0.11608
0.11781
0.11889
0.11657
0.11118
0.1102
0.11395
0.12003
0.1291
0.14127
0.072884
0.089081
0.099166
0.10626
0.11175
0.11229
0.10396
0.097308
0.098341
0.11139
0.11137
0.11136
0.11125
0.11098
0.1106
0.11024
0.11013
0.11054
0.11162
0.1133
0.11473
0.11328
0.10848
0.1071
0.1104
0.11662
0.12687
0.14328
0.065457
0.079834
0.090616
0.098057
0.10388
0.10484
0.09668
0.089803
0.091025
0.11066
0.11065
0.11053
0.11023
0.10979
0.10938
0.1092
0.10941
0.11018
0.11157
0.11346
0.11496
0.11338
0.10841
0.1072
0.1109
0.11762
0.12875
0.14825
0.070949
0.081361
0.092039
0.099729
0.10586
0.10709
0.098945
0.091927
0.093085
-10.836
-51.128
0.20468
0
1
29.747
