0.094748
0.094872
0.095117
0.095316
0.095267
0.094981
0.094692
0.094684
0.095165
0.096203
0.097674
0.098861
0.097685
0.094114
0.093714
0.097237
0.10345
0.1144
0.13952
0.080796
0.075933
0.083178
0.089941
0.095955
0.097383
0.088705
0.079991
0.080086
0.094128
0.094091
0.0941
0.094005
0.093696
0.093293
0.093048
0.09318
0.093808
0.09493
0.096365
0.097314
0.095654
0.091823
0.091793
0.095842
0.10247
0.11364
0.13825
0.080183
0.076645
0.084211
0.091241
0.097566
0.099298
0.09077
0.082185
0.082616
0.09327
0.09311
0.092877
0.0926
0.09234
0.092191
0.092296
0.09281
0.093806
0.095274
0.097065
0.098443
0.097363
0.094158
0.094528
0.098834
0.10574
0.11749
0.14422
0.083617
0.078001
0.085729
0.093121
0.099787
0.10173
0.093339
0.085157
0.086166
0.091537
0.091539
0.091584
0.091657
0.091738
0.091766
0.091701
0.091665
0.091903
0.092603
0.093739
0.094694
0.093556
0.0902
0.089671
0.092712
0.098135
0.10746
0.12639
0.067344
0.069528
0.077298
0.083677
0.089108
0.090214
0.082194
0.074526
0.075
-12.895
-52.712
0.28119
1
0.26236
1.9328
