0.045212
0.045251
0.045342
0.045394
0.045292
0.045071
0.044922
0.045029
0.045474
0.046255
0.047297
0.048246
0.048018
0.046458
0.046414
0.048441
0.051981
0.058161
0.071285
0.034757
0.034305
0.039256
0.043176
0.046412
0.047353
0.043762
0.040569
0.04141
0.046429
0.046371
0.046238
0.04597
0.045603
0.045295
0.045188
0.04536
0.04584
0.046609
0.047569
0.048294
0.04762
0.045676
0.045705
0.048004
0.051836
0.0584
0.072349
0.034395
0.0334
0.038622
0.042748
0.046131
0.047137
0.043549
0.04048
0.041585
0.046649
0.046652
0.046625
0.046494
0.046247
0.046023
0.045991
0.046239
0.04677
0.047561
0.048543
0.049349
0.048843
0.046926
0.046617
0.048386
0.051503
0.056809
0.06743
0.033676
0.035157
0.039625
0.043026
0.045727
0.046225
0.042702
0.039911
0.040749
0.045108
0.04505
0.04494
0.044841
0.044844
0.044956
0.045128
0.045388
0.045826
0.046515
0.047422
0.048165
0.04759
0.045678
0.045533
0.047572
0.051089
0.057115
0.069317
0.031281
0.03262
0.037986
0.041999
0.045228
0.046176
0.042761
0.039789
0.040677
-18.91
-52.845
0.42718
0
0.87212
13.913
