0.087436
0.087737
0.088814
0.090548
0.092323
0.093629
0.094646
0.095795
0.097367
0.099521
0.10223
0.10486
0.10538
0.10414
0.10707
0.1151
0.1281
0.15226
0.21472
0.12011
0.081394
0.093121
0.10749
0.12175
0.12993
0.12115
0.10852
0.11053
0.090847
0.09107
0.091579
0.092333
0.093232
0.094214
0.095367
0.096856
0.098832
0.10138
0.1044
0.10706
0.10691
0.10433
0.10654
0.1145
0.12749
0.15128
0.21277
0.12483
0.08813
0.098499
0.11202
0.12582
0.13374
0.12444
0.11067
0.11114
0.096104
0.096242
0.096705
0.09745
0.098297
0.099127
0.10004
0.10122
0.1028
0.1049
0.10745
0.10969
0.10937
0.10691
0.10886
0.11595
0.12743
0.14833
0.20195
0.11927
0.090916
0.10089
0.11303
0.12517
0.13149
0.12195
0.10933
0.11015
0.10179
0.10187
0.10227
0.10302
0.10382
0.10443
0.10504
0.10595
0.10729
0.10907
0.11112
0.11259
0.11131
0.10841
0.11044
0.11721
0.12754
0.14547
0.18795
0.10149
0.087353
0.099689
0.11186
0.12318
0.12817
0.11763
0.10516
0.1062
-10.552
-55.189
0.051466
0
0.41272
22.398
