0.067375
0.067335
0.067232
0.067078
0.066914
0.066791
0.066778
0.066988
0.067533
0.068469
0.069723
0.070748
0.06991
0.067155
0.066805
0.069379
0.073722
0.080723
0.09273
0.043478
0.050727
0.057751
0.062837
0.066907
0.067883
0.063062
0.059059
0.060131
0.065953
0.065907
0.065848
0.065793
0.065759
0.065744
0.065778
0.065971
0.066448
0.067276
0.068375
0.069192
0.068152
0.065366
0.065114
0.067751
0.072125
0.079176
0.091525
0.04245
0.048936
0.05582
0.060818
0.064807
0.065696
0.060817
0.056825
0.057925
0.065164
0.065175
0.065171
0.065095
0.064938
0.06479
0.064782
0.065034
0.065627
0.066586
0.06782
0.068764
0.067748
0.064759
0.064327
0.067005
0.071621
0.079206
0.092816
0.041251
0.047636
0.055031
0.060352
0.064638
0.065854
0.061149
0.057041
0.058095
0.062454
0.062506
0.062572
0.062529
0.062338
0.062121
0.062013
0.062114
0.062523
0.063305
0.064399
0.065291
0.064317
0.061103
0.059964
0.061828
0.065605
0.072001
0.082142
0.028611
0.040178
0.047679
0.0525
0.056213
0.057121
0.052662
0.048834
0.050005
-15.491
-59.66
0.43301
1
0.63825
5.2774
