0.093355
0.093367
0.093373
0.093279
0.093081
0.092915
0.092915
0.093187
0.093827
0.094898
0.096312
0.097392
0.096174
0.092874
0.092928
0.096799
0.10322
0.11428
0.13991
0.084389
0.078101
0.084697
0.091249
0.09724
0.098679
0.08992
0.08118
0.081433
0.090987
0.090965
0.090995
0.090996
0.090918
0.090842
0.090899
0.091213
0.091885
0.09297
0.094381
0.09547
0.094262
0.090764
0.090354
0.093716
0.099589
0.10971
0.13144
0.073623
0.072529
0.080061
0.086719
0.092609
0.094046
0.085609
0.077147
0.077453
0.091077
0.090942
0.090789
0.090656
0.090597
0.090627
0.090766
0.091116
0.091807
0.092911
0.094334
0.095404
0.09424
0.091209
0.091614
0.095766
0.1025
0.11413
0.14168
0.085023
0.076955
0.083781
0.090751
0.097207
0.099133
0.090736
0.082143
0.082565
0.091797
0.091888
0.092013
0.09199
0.09172
0.091357
0.091129
0.091213
0.09174
0.092773
0.094211
0.095375
0.094211
0.09058
0.089932
0.093077
0.098735
0.10868
0.13155
0.07834
0.073797
0.080156
0.086227
0.091626
0.092612
0.084027
0.075691
0.075861
-12.394
-53.2
0.28158
0
0.78861
16.538
