0.11675
0.1167
0.11651
0.11609
0.11555
0.11514
0.11496
0.11511
0.11573
0.11695
0.11866
0.11994
0.11802
0.11272
0.11139
0.11506
0.12172
0.13256
0.14994
0.068384
0.083458
0.094889
0.1028
0.10899
0.11004
0.10144
0.094172
0.09542
0.11653
0.11654
0.1164
0.11579
0.11471
0.11354
0.11264
0.11215
0.1122
0.11284
0.1139
0.11451
0.1121
0.10645
0.10433
0.1067
0.11155
0.11914
0.12565
0.043869
0.07311
0.083843
0.08997
0.094122
0.093412
0.084421
0.078009
0.080274
0.11413
0.11409
0.1139
0.11345
0.11278
0.11219
0.11194
0.1122
0.11309
0.1146
0.11658
0.1181
0.11643
0.11146
0.11056
0.11469
0.12196
0.13392
0.15472
0.071691
0.083536
0.095245
0.10356
0.11014
0.11152
0.10299
0.095684
0.097088
0.11527
0.11531
0.11521
0.11498
0.11468
0.11438
0.11423
0.11445
0.11527
0.11681
0.11894
0.12075
0.11943
0.11463
0.1136
0.11752
0.12454
0.13629
0.15816
0.07799
0.086239
0.09727
0.10537
0.11171
0.11277
0.10428
0.097405
0.098823
-10.331
-50.355
0.2045
0
0.51797
14.146
