0.11508
0.11493
0.11458
0.11399
0.11331
0.11286
0.11278
0.11314
0.11403
0.1155
0.11742
0.11891
0.11727
0.11241
0.11157
0.11572
0.12299
0.13487
0.15495
0.069944
0.083521
0.09549
0.10384
0.11038
0.11164
0.10298
0.095746
0.097345
0.1127
0.11278
0.1129
0.11289
0.11268
0.11235
0.11213
0.11222
0.11285
0.11413
0.11596
0.1174
0.11559
0.11006
0.10829
0.11163
0.11803
0.12845
0.14389
0.06056
0.079525
0.091406
0.099358
0.10557
0.10683
0.098544
0.091356
0.092701
0.11233
0.11235
0.11234
0.11228
0.11224
0.11228
0.11247
0.11294
0.11387
0.11539
0.11744
0.11916
0.11778
0.11296
0.11199
0.11602
0.12319
0.135
0.15585
0.07384
0.084509
0.095807
0.10392
0.11034
0.11163
0.10339
0.09662
0.098228
0.11205
0.11183
0.11136
0.1107
0.11011
0.10981
0.1097
0.10971
0.10998
0.11068
0.11179
0.11256
0.11068
0.10592
0.10435
0.10682
0.11152
0.11876
0.12554
0.053856
0.077068
0.086869
0.09293
0.097281
0.097044
0.088953
0.083049
0.084683
-10.681
-51.334
0.2067
0
0.90605
29.209
