0.090978
0.091306
0.092375
0.093977
0.095561
0.096822
0.098025
0.099537
0.1016
0.10437
0.10788
0.11152
0.11301
0.11198
0.11493
0.12381
0.13889
0.16767
0.24406
0.1418
0.088942
0.099837
0.11532
0.13105
0.14048
0.13177
0.11855
0.12067
0.10022
0.10042
0.10138
0.10301
0.10461
0.10563
0.1063
0.10713
0.10842
0.11033
0.1128
0.11513
0.11524
0.11363
0.1164
0.1242
0.13669
0.15961
0.21742
0.11709
0.086383
0.099487
0.11359
0.12687
0.13338
0.12302
0.11047
0.11313
0.1034
0.10357
0.10392
0.1045
0.10525
0.1061
0.10716
0.10859
0.11047
0.1128
0.11541
0.11732
0.11589
0.11224
0.11438
0.12243
0.13507
0.15743
0.21067
0.10638
0.084257
0.099674
0.11439
0.12784
0.13421
0.12311
0.1093
0.11079
0.10726
0.10724
0.1076
0.10838
0.10933
0.11011
0.11077
0.11157
0.11273
0.11432
0.11623
0.11759
0.11621
0.11314
0.11485
0.12113
0.13062
0.14694
0.18671
0.11224
0.098325
0.10834
0.11931
0.12991
0.13425
0.12308
0.11042
0.11143
-10.361
-54.498
0.050567
0
0.14208
5.0966
