0.1179
0.11789
0.11758
0.1169
0.11603
0.11532
0.11503
0.11529
0.11619
0.11774
0.11974
0.12118
0.11912
0.1136
0.11247
0.1165
0.12337
0.13409
0.15005
0.069928
0.08688
0.098414
0.10635
0.11246
0.11337
0.10491
0.098129
0.099535
0.11601
0.11594
0.11575
0.11534
0.11478
0.11429
0.11402
0.11406
0.11459
0.11571
0.1173
0.11843
0.11637
0.11105
0.1097
0.11314
0.11923
0.12872
0.14154
0.066493
0.085
0.095755
0.10297
0.10843
0.10885
0.10011
0.093051
0.094131
0.11401
0.11413
0.11406
0.11357
0.11269
0.11184
0.11136
0.11141
0.11209
0.11344
0.1153
0.11672
0.11475
0.10889
0.10683
0.11002
0.11635
0.12675
0.14116
0.049103
0.074043
0.087003
0.095037
0.10098
0.10203
0.09423
0.087829
0.089372
0.11202
0.11203
0.11206
0.1119
0.11148
0.11097
0.11057
0.11048
0.11088
0.11186
0.11331
0.11437
0.11239
0.10703
0.10525
0.10816
0.11377
0.12264
0.133
0.051451
0.076131
0.087515
0.094621
0.099906
0.10049
0.092604
0.086375
0.087986
-10.87
-51.185
0.20679
0
0.63825
17.721
