0.12072
0.12068
0.12048
0.12012
0.11968
0.11933
0.11925
0.11965
0.1207
0.12244
0.12468
0.12637
0.12442
0.11879
0.11776
0.12229
0.13018
0.14318
0.16662
0.076532
0.087631
0.10034
0.10943
0.11655
0.11814
0.10966
0.10273
0.10458
0.11908
0.11905
0.11884
0.11833
0.1176
0.11693
0.1165
0.11645
0.1169
0.11795
0.11945
0.12045
0.11824
0.11283
0.11143
0.11475
0.12057
0.12943
0.1405
0.070549
0.088633
0.09874
0.10569
0.11106
0.11137
0.10226
0.094713
0.095488
0.11701
0.11701
0.11685
0.11643
0.11587
0.11543
0.11527
0.11556
0.11643
0.11797
0.12005
0.12167
0.11986
0.11434
0.113
0.11705
0.12435
0.13631
0.1567
0.072647
0.085332
0.09713
0.10549
0.11212
0.11348
0.10485
0.0975
0.098861
0.11533
0.11534
0.11521
0.11481
0.1142
0.11365
0.11333
0.11336
0.11391
0.11512
0.11689
0.11834
0.11664
0.11116
0.10915
0.11206
0.11788
0.12734
0.14016
0.05875
0.079431
0.090665
0.097885
0.10328
0.10377
0.095444
0.088804
0.090194
-10.597
-51.381
0.2072
0
0.95824
29.685
