0.046483
0.04649
0.04647
0.046334
0.046075
0.045807
0.045613
0.045537
0.045649
0.046002
0.046558
0.046963
0.046141
0.043989
0.043356
0.044693
0.047261
0.051537
0.057863
0.020223
0.029378
0.034528
0.037717
0.040037
0.040218
0.036583
0.033787
0.034784
0.046139
0.046146
0.046108
0.04595
0.045674
0.045395
0.045214
0.045194
0.045396
0.045857
0.046532
0.047091
0.046514
0.044704
0.044332
0.045812
0.048462
0.052871
0.06072
0.03003
0.033851
0.038011
0.041052
0.043474
0.043829
0.04022
0.037145
0.037649
0.045177
0.045163
0.045155
0.045125
0.045061
0.045001
0.045012
0.045167
0.045532
0.046137
0.046927
0.047528
0.046841
0.044886
0.044656
0.046505
0.049709
0.055148
0.066098
0.032555
0.033754
0.03832
0.041864
0.044783
0.045569
0.042162
0.039158
0.039846
0.043458
0.043492
0.043406
0.043193
0.042957
0.042846
0.04293
0.043239
0.043795
0.044593
0.045547
0.046224
0.045414
0.043193
0.042912
0.04489
0.048232
0.053679
0.063591
0.027598
0.031611
0.036849
0.040628
0.04366
0.044489
0.041054
0.038053
0.038847
-18.531
-52.348
0.42893
0
0.71343
8.8017
