0.049145
0.049145
0.049184
0.049244
0.049255
0.049168
0.04905
0.049045
0.049273
0.049776
0.050491
0.051034
0.050364
0.04865
0.04875
0.050819
0.054144
0.05962
0.07021
0.035104
0.037452
0.042255
0.04594
0.048915
0.049543
0.045805
0.042805
0.043753
0.048717
0.048703
0.048685
0.048635
0.048533
0.048389
0.048267
0.048276
0.048523
0.049052
0.049803
0.0504
0.049746
0.047808
0.047472
0.049084
0.051861
0.056366
0.064436
0.034701
0.037997
0.042035
0.045138
0.047643
0.047919
0.043987
0.040751
0.041294
0.048036
0.047994
0.047858
0.047659
0.047469
0.047333
0.047275
0.047359
0.047661
0.048213
0.048963
0.049558
0.048987
0.047304
0.047238
0.049026
0.051944
0.056638
0.06507
0.033885
0.037305
0.041551
0.044761
0.047308
0.047595
0.043756
0.040726
0.04142
0.047549
0.047518
0.047396
0.04717
0.046915
0.046754
0.046745
0.046907
0.047262
0.047825
0.048536
0.049018
0.048205
0.046258
0.04613
0.047988
0.051045
0.056048
0.065419
0.032781
0.035764
0.040283
0.043659
0.046303
0.046665
0.042884
0.039866
0.040578
-18.398
-51.872
0.41812
0
0.78861
9.5631
