0.11539
0.1154
0.11517
0.1146
0.1138
0.11313
0.11284
0.11304
0.11381
0.11519
0.11698
0.11818
0.11593
0.11034
0.10919
0.11312
0.11981
0.13004
0.14347
0.060747
0.082731
0.09475
0.10261
0.10854
0.10936
0.10109
0.094525
0.095934
0.1143
0.11427
0.11411
0.11369
0.11313
0.11266
0.11235
0.1123
0.11266
0.11361
0.11503
0.11603
0.11379
0.10802
0.10602
0.10889
0.11446
0.12322
0.13337
0.053897
0.07767
0.088793
0.095805
0.10101
0.10135
0.092851
0.086075
0.087582
0.11223
0.11228
0.11216
0.11171
0.11104
0.11054
0.11045
0.11083
0.11173
0.11318
0.11503
0.11634
0.11419
0.1084
0.10677
0.11037
0.11701
0.12764
0.1428
0.057005
0.0784
0.09083
0.098897
0.10501
0.10607
0.097801
0.090809
0.092051
0.11436
0.11428
0.11407
0.11365
0.11307
0.11254
0.11223
0.1123
0.11292
0.11417
0.11592
0.11728
0.11564
0.11091
0.11004
0.11382
0.12031
0.1306
0.1469
0.072547
0.085804
0.096194
0.10359
0.10945
0.11042
0.10237
0.095827
0.09717
-10.438
-51.553
0.21157
0
0.98956
30.726
