0.10439
0.10434
0.10431
0.10433
0.10435
0.10433
0.1044
0.10482
0.10576
0.10726
0.10919
0.11076
0.10973
0.10625
0.1066
0.11146
0.11954
0.13367
0.16655
0.093574
0.084767
0.093739
0.10225
0.10984
0.11211
0.10305
0.094427
0.095874
0.10432
0.10425
0.10409
0.10387
0.10368
0.10364
0.10378
0.10417
0.10493
0.10613
0.10769
0.10886
0.10744
0.10379
0.10394
0.10829
0.11541
0.12761
0.15517
0.090834
0.085926
0.093947
0.10138
0.10784
0.10909
0.099471
0.090561
0.09136
0.10209
0.10207
0.10201
0.10184
0.1016
0.10144
0.10148
0.10181
0.10251
0.10365
0.10514
0.10624
0.10477
0.10086
0.10043
0.10406
0.11026
0.12073
0.14289
0.08326
0.083046
0.09087
0.097739
0.10364
0.10454
0.094996
0.086051
0.086443
0.10189
0.1019
0.10189
0.10184
0.10174
0.10167
0.10185
0.10248
0.10368
0.10545
0.10768
0.10956
0.10862
0.10473
0.10463
0.10932
0.11743
0.1317
0.16364
0.083102
0.07785
0.088665
0.097842
0.10562
0.10801
0.099315
0.091013
0.092451
-11.845
-53.572
0.28428
0
0.71343
13.953
