0.086951
0.087277
0.088277
0.08979
0.091301
0.092484
0.093573
0.09493
0.09679
0.099288
0.10242
0.10555
0.10651
0.10521
0.10792
0.11615
0.12992
0.15591
0.22447
0.12949
0.083668
0.094339
0.10888
0.12363
0.13247
0.12408
0.11121
0.1128
0.092749
0.092888
0.093601
0.094767
0.095949
0.096844
0.097638
0.098657
0.10012
0.10214
0.10467
0.10708
0.10738
0.10579
0.10814
0.11532
0.12698
0.1484
0.20369
0.11839
0.087668
0.097888
0.11043
0.12297
0.12977
0.12088
0.10903
0.11063
0.098188
0.098311
0.098716
0.099357
0.10007
0.10076
0.10151
0.10253
0.10402
0.10607
0.10858
0.11071
0.11003
0.107
0.1086
0.11545
0.12646
0.14602
0.1945
0.11199
0.089676
0.10018
0.112
0.12364
0.12949
0.11992
0.10769
0.10862
0.10208
0.10202
0.10232
0.1029
0.10353
0.10403
0.10455
0.10534
0.10654
0.10819
0.11021
0.11187
0.11121
0.10882
0.11049
0.11651
0.126
0.14296
0.1869
0.11757
0.096986
0.10519
0.11542
0.12572
0.13045
0.12052
0.10852
0.10901
-10.462
-59.507
0.051664
0
0.26236
13.067
