0.10368
0.10397
0.10468
0.10562
0.10642
0.10696
0.10752
0.10847
0.11005
0.11242
0.11545
0.1181
0.11687
0.11081
0.10915
0.11424
0.12409
0.14124
0.17352
0.054083
0.067166
0.085443
0.097212
0.10641
0.11045
0.10444
0.098782
0.10166
0.10134
0.10158
0.10226
0.10319
0.10401
0.10459
0.1051
0.10582
0.10703
0.10894
0.11153
0.1139
0.11286
0.10727
0.10541
0.1097
0.1185
0.13406
0.16257
0.041602
0.059974
0.07802
0.08901
0.097403
0.101
0.095636
0.091033
0.094473
0.10043
0.1007
0.10145
0.10254
0.10361
0.10444
0.10519
0.10617
0.10765
0.10982
0.11261
0.1151
0.11405
0.10851
0.10698
0.11172
0.12099
0.13728
0.16846
0.054942
0.065823
0.082926
0.094089
0.10288
0.10679
0.10122
0.09604
0.098909
0.098827
0.098999
0.099631
0.10069
0.10191
0.10296
0.10387
0.1049
0.10637
0.10852
0.11134
0.11402
0.11346
0.10861
0.10743
0.11228
0.12166
0.13827
0.17056
0.05619
0.065313
0.082546
0.093828
0.10268
0.10662
0.10124
0.09642
0.099516
-11.992
-58.348
0.1604
0
0.71343
27.683
