0.10251
0.10255
0.10289
0.10365
0.1047
0.10572
0.10667
0.10777
0.10931
0.11149
0.11428
0.11679
0.11595
0.11105
0.11021
0.11529
0.12464
0.14084
0.17143
0.053722
0.06681
0.084405
0.09565
0.10422
0.10773
0.10242
0.098416
0.10208
0.097801
0.097999
0.098692
0.099736
0.10077
0.10155
0.10224
0.10314
0.10455
0.10666
0.10943
0.11194
0.11104
0.10572
0.10423
0.10886
0.11797
0.13396
0.16394
0.048246
0.062325
0.07995
0.091124
0.099865
0.10394
0.098971
0.094335
0.097405
0.09574
0.096054
0.096882
0.097979
0.098894
0.099438
0.099862
0.10054
0.1018
0.10381
0.1065
0.10895
0.1079
0.10221
0.10028
0.1047
0.11388
0.13047
0.16291
0.043699
0.053826
0.072546
0.084079
0.092937
0.09701
0.091933
0.087282
0.090833
0.097763
0.097918
0.098437
0.099297
0.10025
0.10105
0.10181
0.1028
0.10428
0.10642
0.10915
0.11151
0.11039
0.10529
0.10448
0.10965
0.11895
0.1348
0.16437
0.052503
0.064994
0.081855
0.092813
0.10132
0.10488
0.099424
0.095026
0.098526
-12.171
-57.276
0.16284
0
0.83298
30.857
