0.096304
0.096562
0.097372
0.098599
0.099746
0.10052
0.10124
0.10233
0.10397
0.10614
0.10866
0.11057
0.10952
0.10692
0.11009
0.11886
0.13229
0.15628
0.21586
0.11477
0.082731
0.097088
0.11254
0.12724
0.1348
0.12337
0.10773
0.10869
0.098301
0.098596
0.099433
0.10061
0.10171
0.10254
0.10335
0.10449
0.10617
0.10853
0.11152
0.11449
0.1151
0.11312
0.11507
0.12256
0.13535
0.15956
0.22414
0.13621
0.096642
0.10585
0.11876
0.13203
0.13936
0.12963
0.11596
0.1164
0.10108
0.10121
0.10179
0.1027
0.10362
0.10436
0.10507
0.10599
0.10735
0.10933
0.11191
0.11446
0.11483
0.1128
0.11437
0.12095
0.13217
0.15316
0.20834
0.12668
0.096264
0.10511
0.1167
0.1286
0.13489
0.12529
0.11235
0.11264
0.10567
0.10567
0.106
0.10661
0.10728
0.10786
0.10848
0.10938
0.11072
0.11259
0.11488
0.11676
0.116
0.11334
0.11539
0.12247
0.1336
0.15353
0.20499
0.12585
0.099768
0.10882
0.12022
0.13169
0.13706
0.1262
0.11292
0.11371
-10.364
-61.579
0.051242
0
0.41272
22.559
