0.079705
0.079988
0.080945
0.0825
0.084088
0.085236
0.086155
0.087291
0.088909
0.091085
0.093723
0.096141
0.096347
0.094717
0.09715
0.10448
0.11643
0.13862
0.19607
0.1102
0.074672
0.085567
0.099002
0.11245
0.12047
0.11275
0.10069
0.10164
0.08547
0.085216
0.085157
0.085512
0.086417
0.0877
0.089111
0.090577
0.092179
0.094048
0.096209
0.098162
0.098334
0.097191
0.099542
0.1059
0.11593
0.13418
0.18226
0.1141
0.087752
0.095182
0.1054
0.11606
0.12172
0.11317
0.10195
0.10288
0.089719
0.089905
0.090541
0.091497
0.092412
0.093082
0.093707
0.094591
0.09594
0.097846
0.10022
0.10229
0.10183
0.09919
0.10075
0.10722
0.11775
0.13682
0.186
0.11126
0.084904
0.093721
0.10487
0.11623
0.12235
0.11362
0.1016
0.10193
0.091554
0.091716
0.092245
0.093043
0.09385
0.094507
0.095114
0.095879
0.09699
0.098563
0.10055
0.10231
0.10196
0.099772
0.10112
0.10667
0.11571
0.13225
0.17678
0.11631
0.092268
0.098437
0.10754
0.11723
0.12203
0.11274
0.10051
0.099902
-11.678
-49.864
0.052015
0
0.33754
16.964
