0.11588
0.11592
0.11576
0.11532
0.11477
0.11443
0.1145
0.11511
0.11636
0.1183
0.12079
0.12283
0.12128
0.1158
0.11475
0.11956
0.12821
0.14282
0.17027
0.072448
0.081781
0.095687
0.10554
0.11343
0.11598
0.10832
0.10157
0.10358
0.11268
0.11278
0.11272
0.1123
0.11161
0.11102
0.11073
0.1108
0.11131
0.11237
0.11388
0.11488
0.11242
0.10615
0.1039
0.10694
0.11311
0.12313
0.13526
0.033418
0.067979
0.08169
0.089573
0.095163
0.095791
0.087739
0.08171
0.08437
0.11743
0.1174
0.11729
0.11691
0.11619
0.11536
0.11471
0.11447
0.11486
0.11596
0.11764
0.11898
0.11721
0.11196
0.11039
0.11368
0.11978
0.12949
0.14296
0.065198
0.083558
0.09434
0.10149
0.10694
0.1076
0.099539
0.093088
0.094329
0.11547
0.11545
0.11536
0.115
0.11435
0.11365
0.11307
0.11276
0.11293
0.11372
0.11502
0.11598
0.11393
0.10852
0.10663
0.10936
0.11473
0.1233
0.13343
0.054032
0.077196
0.088043
0.094728
0.099542
0.099633
0.091535
0.085361
0.086796
-10.29
-49.422
0.2064
0
0.93476
28.491
