0.10229
0.10246
0.10303
0.10398
0.10505
0.10607
0.10721
0.10869
0.11059
0.11296
0.1157
0.118
0.1175
0.11514
0.11803
0.12659
0.14017
0.16487
0.22629
0.11859
0.086276
0.10136
0.11702
0.13163
0.13886
0.12734
0.11249
0.11422
0.10828
0.10841
0.10891
0.10975
0.11063
0.11132
0.11205
0.11315
0.11482
0.11712
0.11991
0.12234
0.1219
0.11915
0.12139
0.12937
0.14226
0.16572
0.22401
0.1194
0.090376
0.10443
0.11913
0.13299
0.13991
0.1293
0.11598
0.11796
0.11196
0.11202
0.11242
0.11308
0.11372
0.11415
0.11462
0.11548
0.11692
0.11898
0.12151
0.12363
0.12287
0.11978
0.12146
0.12852
0.13992
0.16049
0.21115
0.11509
0.093517
0.10627
0.11934
0.13151
0.13699
0.12631
0.11391
0.11561
0.11184
0.1119
0.11212
0.11234
0.11245
0.11261
0.11302
0.11378
0.115
0.11676
0.11899
0.12089
0.12001
0.11652
0.11725
0.12314
0.13306
0.15087
0.19463
0.1155
0.098877
0.10899
0.12002
0.13085
0.13578
0.12521
0.11221
0.11235
-10.197
-49.464
0.052705
0
0.63825
27.136
