0.051729
0.05168
0.051443
0.050912
0.050155
0.049412
0.048847
0.048555
0.048619
0.049064
0.049811
0.050484
0.049931
0.047854
0.047115
0.048343
0.05081
0.055074
0.06357
0.036552
0.037777
0.041048
0.043651
0.045738
0.045748
0.041824
0.038538
0.038743
0.046824
0.046783
0.046653
0.046356
0.045932
0.045544
0.045294
0.045218
0.045361
0.045748
0.046334
0.046797
0.046148
0.044265
0.043725
0.044943
0.04723
0.05098
0.056618
0.026191
0.032584
0.036771
0.039608
0.041753
0.041814
0.038075
0.035099
0.035731
0.043777
0.043856
0.044067
0.044353
0.044574
0.044622
0.044558
0.044562
0.044817
0.045413
0.046299
0.047085
0.046575
0.044497
0.043909
0.045491
0.048541
0.053801
0.063427
0.026522
0.031204
0.036547
0.040303
0.043325
0.044226
0.04085
0.037705
0.038372
0.046423
0.046358
0.046185
0.045979
0.04586
0.045842
0.045865
0.045962
0.046238
0.046773
0.047543
0.048212
0.047685
0.045728
0.04512
0.046401
0.048832
0.052864
0.059851
0.032109
0.035951
0.039751
0.042517
0.044607
0.044537
0.04066
0.03764
0.038048
-17.932
-51.532
0.42689
0
0.83298
11.817
