0.092451
0.092664
0.093619
0.09526
0.096996
0.09826
0.099195
0.10024
0.1017
0.10373
0.10625
0.10856
0.10861
0.10708
0.1101
0.11822
0.13109
0.15463
0.21418
0.11561
0.081625
0.09464
0.10924
0.12337
0.13097
0.12119
0.10796
0.11002
0.1008
0.10079
0.10147
0.10284
0.10432
0.10531
0.10592
0.10656
0.10748
0.10882
0.11051
0.11203
0.11196
0.11134
0.1146
0.1216
0.1322
0.15161
0.20264
0.12165
0.095211
0.10475
0.11635
0.12763
0.1324
0.12102
0.10804
0.10972
0.099856
0.099996
0.10056
0.10148
0.10248
0.10332
0.10411
0.10511
0.10657
0.10863
0.11124
0.11362
0.11343
0.11094
0.1128
0.11991
0.13148
0.15241
0.20514
0.11831
0.092045
0.10277
0.11518
0.12745
0.1338
0.12419
0.11177
0.11302
0.10532
0.10538
0.10564
0.10609
0.10663
0.10715
0.10777
0.10873
0.11014
0.11207
0.11438
0.11618
0.11507
0.11177
0.11331
0.11992
0.13037
0.14876
0.19303
0.10659
0.090476
0.10242
0.11453
0.12592
0.13105
0.12062
0.10817
0.10915
-10.497
-57.111
0.051242
1
0.87212
29.556
