0.066142
0.066135
0.066114
0.066048
0.065971
0.065968
0.066103
0.066448
0.067094
0.068108
0.069443
0.070564
0.069783
0.066911
0.066444
0.06915
0.073968
0.082104
0.097468
0.043409
0.048142
0.055623
0.06102
0.065357
0.066577
0.061802
0.057679
0.058822
0.065503
0.065515
0.065494
0.065387
0.065207
0.065057
0.065045
0.065268
0.065807
0.0667
0.067859
0.068731
0.067698
0.06481
0.064474
0.067171
0.07178
0.0794
0.093523
0.043464
0.048457
0.05554
0.060749
0.064953
0.066017
0.06101
0.056643
0.057605
0.064366
0.064312
0.064256
0.06422
0.06424
0.064325
0.06448
0.064771
0.065308
0.066181
0.067358
0.068351
0.067618
0.065049
0.06475
0.067322
0.071757
0.079094
0.092268
0.041646
0.047934
0.055088
0.060235
0.06437
0.065512
0.060953
0.057071
0.058159
0.063332
0.063408
0.063518
0.063495
0.06326
0.062947
0.062713
0.062665
0.06291
0.063523
0.064453
0.065201
0.064175
0.061059
0.059983
0.061775
0.065353
0.071269
0.079578
0.026584
0.040599
0.047878
0.052404
0.055813
0.056377
0.051604
0.047698
0.048956
-15.568
-62.379
0.43858
0
0.41272
3.7362
