0.047653
0.047682
0.047671
0.047518
0.047205
0.046875
0.04669
0.046751
0.047101
0.047731
0.048545
0.049111
0.048245
0.046049
0.045758
0.047644
0.050846
0.056108
0.065958
0.031969
0.035007
0.039722
0.043215
0.045978
0.046447
0.042624
0.039442
0.040109
0.048041
0.04811
0.048115
0.048002
0.047781
0.047551
0.047401
0.047405
0.047633
0.048133
0.048872
0.04953
0.049087
0.047362
0.046961
0.048345
0.050849
0.055033
0.062777
0.034317
0.037049
0.040702
0.043438
0.045514
0.045386
0.04137
0.038209
0.03849
0.045873
0.045898
0.045914
0.045826
0.045622
0.045427
0.04536
0.045479
0.045824
0.04641
0.04717
0.047702
0.046831
0.044548
0.044032
0.045667
0.048592
0.053405
0.061853
0.028506
0.032994
0.037667
0.041032
0.04373
0.044291
0.040681
0.037524
0.038126
0.046686
0.04676
0.046807
0.0466
0.046059
0.045417
0.044923
0.044704
0.044828
0.045308
0.046049
0.046596
0.045618
0.042888
0.041855
0.043157
0.045823
0.050233
0.057053
0.021968
0.029561
0.034552
0.037871
0.040476
0.041006
0.037402
0.034183
0.034871
-18.486
-53.077
0.42969
0
0.93476
13.508
