0.098452
0.098628
0.099263
0.10023
0.10119
0.1019
0.10248
0.10319
0.10435
0.10617
0.1086
0.11071
0.10939
0.10382
0.1022
0.10654
0.11502
0.12957
0.15477
0.040375
0.062051
0.078953
0.089304
0.097257
0.10063
0.095403
0.090948
0.094096
0.099816
0.099972
0.10048
0.10136
0.10234
0.10317
0.10392
0.10492
0.10648
0.10876
0.11168
0.11429
0.11338
0.10819
0.10718
0.11232
0.12185
0.1383
0.16936
0.051034
0.063758
0.081713
0.093175
0.10197
0.10571
0.10051
0.0965
0.10028
0.097527
0.097736
0.098267
0.098984
0.099655
0.10021
0.10085
0.10181
0.10328
0.10538
0.10802
0.11024
0.10888
0.10325
0.10178
0.10637
0.11512
0.13006
0.15673
0.046873
0.064339
0.080946
0.091442
0.09953
0.10283
0.097154
0.092156
0.094862
0.095243
0.095425
0.09603
0.096929
0.097817
0.098518
0.099193
0.10012
0.10151
0.10353
0.10608
0.10828
0.10707
0.10177
0.10049
0.10512
0.11391
0.12902
0.15641
0.046287
0.06242
0.079139
0.089727
0.097938
0.10147
0.096134
0.091365
0.094194
-12.213
-59.853
0.16019
0
0.14208
2.3916
