0.092745
0.092667
0.092638
0.092735
0.09299
0.093308
0.093618
0.094014
0.094681
0.095753
0.097174
0.098283
0.097143
0.093958
0.094099
0.098083
0.10476
0.11645
0.14346
0.082755
0.076428
0.083859
0.090951
0.097363
0.099211
0.090846
0.082388
0.082865
0.09393
0.093807
0.093636
0.093447
0.093352
0.093435
0.093673
0.094085
0.094782
0.095875
0.097332
0.098542
0.09757
0.094371
0.094213
0.097856
0.1042
0.11543
0.14141
0.081944
0.076186
0.083396
0.090248
0.096417
0.098058
0.089639
0.081213
0.081603
0.090142
0.090016
0.089908
0.089777
0.089644
0.089597
0.089704
0.09005
0.090745
0.091848
0.093256
0.094265
0.092869
0.089279
0.089109
0.092906
0.099395
0.11058
0.13453
0.070518
0.069052
0.077615
0.085005
0.09161
0.093838
0.085986
0.077728
0.078451
0.094451
0.09465
0.094929
0.095436
0.096144
0.096774
0.097169
0.097489
0.098035
0.099063
0.10066
0.10233
0.10214
0.099238
0.098411
0.10109
0.10634
0.11601
0.13973
0.088341
0.081591
0.087038
0.092585
0.097437
0.09781
0.089138
0.081383
0.081539
-12.206
-53.156
0.28099
0
0.56308
10.032
