0.12937
0.12947
0.1297
0.13023
0.13109
0.13212
0.13328
0.13472
0.1366
0.13902
0.14187
0.14416
0.14294
0.13885
0.14041
0.14832
0.16118
0.18447
0.24486
0.14915
0.11839
0.12876
0.1416
0.15429
0.15975
0.14647
0.13041
0.13028
0.12666
0.12683
0.12717
0.1276
0.128
0.12843
0.1291
0.13026
0.13203
0.13449
0.13751
0.14014
0.13937
0.13507
0.13553
0.14227
0.15403
0.17574
0.23164
0.13939
0.11212
0.12237
0.13475
0.14719
0.15311
0.14114
0.12565
0.1249
0.12448
0.12473
0.12547
0.12664
0.12782
0.12861
0.12909
0.12963
0.13057
0.13211
0.13419
0.13596
0.13481
0.13076
0.13107
0.13686
0.14691
0.16525
0.21058
0.12255
0.1051
0.11531
0.12623
0.13672
0.14073
0.12836
0.11408
0.11415
0.1235
0.12365
0.1242
0.12519
0.12637
0.12738
0.12817
0.12902
0.13026
0.13209
0.13443
0.13634
0.13506
0.13077
0.13114
0.1371
0.14719
0.16538
0.21182
0.13272
0.11253
0.12124
0.13172
0.14218
0.14618
0.1334
0.11835
0.11762
-9.9625
-49.947
0.16564
0
0.14208
3.2821
