0.12302
0.12316
0.12355
0.12412
0.12471
0.1252
0.12567
0.12627
0.12722
0.12867
0.13053
0.13195
0.13046
0.12641
0.12676
0.13219
0.14144
0.15826
0.20134
0.12517
0.10687
0.11518
0.12504
0.13484
0.13837
0.12546
0.11005
0.10886
0.12301
0.12308
0.12377
0.12511
0.12663
0.12768
0.12826
0.12877
0.12963
0.13103
0.13292
0.13455
0.13387
0.13142
0.13315
0.13944
0.14947
0.16798
0.22146
0.15696
0.12507
0.12968
0.13892
0.14916
0.15318
0.13993
0.12404
0.12284
0.11865
0.11884
0.11926
0.12015
0.1215
0.12299
0.12449
0.12612
0.12807
0.13044
0.13311
0.13501
0.13322
0.12871
0.13017
0.13784
0.15007
0.17204
0.22985
0.14429
0.11383
0.12316
0.13554
0.14813
0.15392
0.14119
0.12484
0.12393
0.11911
0.11925
0.12
0.12134
0.12278
0.12377
0.12432
0.12484
0.1257
0.1271
0.12899
0.1306
0.12966
0.1265
0.12743
0.13313
0.14255
0.15991
0.20799
0.14145
0.11532
0.12112
0.13032
0.1401
0.1438
0.13105
0.11589
0.11477
-10.333
-52.459
0.16757
0
0.71343
24.683
