0.11616
0.11622
0.11618
0.1159
0.11538
0.11485
0.11451
0.11453
0.1151
0.11631
0.11803
0.11931
0.11726
0.11152
0.1097
0.11302
0.11936
0.12962
0.14373
0.056859
0.079582
0.092014
0.099993
0.10599
0.10693
0.098641
0.091721
0.092949
0.11676
0.11675
0.11658
0.11624
0.11584
0.11557
0.11552
0.11578
0.11652
0.11784
0.11964
0.12101
0.11918
0.114
0.11287
0.11671
0.12349
0.13436
0.15123
0.069416
0.08543
0.096818
0.10452
0.11036
0.11111
0.10284
0.096372
0.097825
0.11438
0.11435
0.11416
0.11358
0.11263
0.11167
0.11097
0.11066
0.11088
0.1117
0.11294
0.11366
0.11108
0.10513
0.10312
0.10592
0.11131
0.1197
0.12817
0.043913
0.072608
0.084084
0.090926
0.095814
0.095861
0.087446
0.081173
0.083283
0.1123
0.11235
0.11233
0.11211
0.11167
0.11121
0.11094
0.11106
0.11173
0.11304
0.11483
0.11617
0.11423
0.10873
0.10716
0.1107
0.11738
0.12844
0.14593
0.058448
0.076635
0.089047
0.097151
0.10326
0.10434
0.096265
0.08952
0.090874
-10.559
-52.653
0.2053
0
0.4879
10.344
