0.10326
0.10363
0.10453
0.1058
0.10696
0.10767
0.10816
0.10892
0.1103
0.1125
0.11538
0.1179
0.11662
0.11077
0.10932
0.1144
0.12404
0.14076
0.17247
0.056934
0.068672
0.08617
0.097577
0.10644
0.11013
0.10403
0.09852
0.10129
0.10103
0.1012
0.10178
0.10269
0.10365
0.10445
0.10522
0.10625
0.10779
0.11002
0.1129
0.1155
0.11463
0.10933
0.10802
0.11297
0.12255
0.13944
0.17239
0.05805
0.066466
0.083705
0.095076
0.10403
0.10798
0.10228
0.097043
0.10006
0.10326
0.1034
0.10381
0.10442
0.10509
0.1057
0.10638
0.10734
0.10879
0.1109
0.11364
0.11608
0.11506
0.1098
0.10859
0.1134
0.12243
0.13796
0.16671
0.056219
0.069417
0.085659
0.096197
0.10429
0.1073
0.10118
0.096337
0.099475
0.099855
0.099883
0.10008
0.10038
0.1008
0.1015
0.10252
0.10379
0.10534
0.10738
0.10996
0.11231
0.1115
0.10689
0.10627
0.11144
0.12072
0.13645
0.16545
0.055421
0.067915
0.084053
0.094702
0.10317
0.1068
0.10117
0.09641
0.099766
-12.088
-51.936
0.16226
0
0.97651
37.718
