0.065445
0.065352
0.065444
0.065683
0.065946
0.066106
0.066151
0.066176
0.066339
0.066778
0.067503
0.0681
0.067123
0.064193
0.06294
0.064096
0.066601
0.070733
0.077692
0.048551
0.052321
0.056105
0.059234
0.061879
0.061882
0.056632
0.052172
0.052495
0.066318
0.066304
0.066112
0.065703
0.065202
0.064852
0.064784
0.065035
0.065629
0.066579
0.0678
0.068726
0.067691
0.064705
0.06426
0.066844
0.071257
0.078473
0.091148
0.039727
0.047032
0.054426
0.059637
0.063755
0.064916
0.060608
0.057008
0.058103
0.064395
0.064371
0.064277
0.064129
0.063993
0.063929
0.063993
0.064289
0.064921
0.065929
0.06721
0.068159
0.067049
0.063889
0.063293
0.065733
0.069883
0.076428
0.086707
0.037962
0.047491
0.054593
0.059547
0.063477
0.064488
0.06004
0.056294
0.057226
0.061361
0.061458
0.061514
0.061333
0.060874
0.060392
0.060133
0.060198
0.060635
0.061456
0.06258
0.063494
0.062573
0.059506
0.058596
0.060762
0.065017
0.072364
0.084937
0.024293
0.036136
0.044902
0.050407
0.054667
0.056185
0.052351
0.048841
0.050179
-19.611
-56.335
0.43472
0
0.33754
2.1208
