0.10476
0.10495
0.10544
0.10617
0.10691
0.1075
0.10803
0.10876
0.10995
0.11177
0.11413
0.11613
0.11475
0.10943
0.1081
0.11241
0.12047
0.13401
0.15658
0.051382
0.072118
0.087316
0.096877
0.10412
0.10648
0.10007
0.094925
0.097458
0.1053
0.10544
0.1058
0.1062
0.10645
0.1066
0.10691
0.10762
0.10891
0.11091
0.11352
0.11577
0.11446
0.10885
0.10739
0.11203
0.12084
0.1358
0.16165
0.047434
0.068262
0.085177
0.095757
0.10387
0.10702
0.10096
0.0958
0.098628
0.10678
0.10694
0.1073
0.10773
0.10799
0.10807
0.10822
0.10881
0.11008
0.11211
0.11477
0.11697
0.11545
0.10974
0.10857
0.11356
0.12266
0.13801
0.16538
0.053683
0.070702
0.087398
0.098106
0.10629
0.10928
0.10293
0.097733
0.10062
0.099379
0.09959
0.10023
0.10121
0.10221
0.10296
0.10352
0.10417
0.10523
0.10695
0.10927
0.11131
0.10996
0.10435
0.10258
0.10672
0.11507
0.12975
0.15616
0.040356
0.059798
0.077043
0.087573
0.095596
0.098967
0.09368
0.089116
0.092226
-11.665
-52.44
0.16151
0
0.90605
34.631
