0.047239
0.047244
0.047218
0.047069
0.046797
0.046514
0.046299
0.046202
0.046303
0.046663
0.047247
0.047705
0.046945
0.044805
0.044103
0.045325
0.047711
0.051635
0.057125
0.022387
0.031048
0.035771
0.038746
0.040898
0.040897
0.037116
0.034281
0.035205
0.047143
0.047145
0.047112
0.046979
0.046758
0.046543
0.046384
0.046323
0.046435
0.046793
0.047376
0.047853
0.047167
0.045141
0.044497
0.045725
0.048108
0.052098
0.058441
0.025842
0.03202
0.036384
0.039302
0.041476
0.041543
0.037848
0.034976
0.035675
0.046828
0.046755
0.046618
0.046418
0.046223
0.046124
0.046166
0.046379
0.046796
0.047434
0.048231
0.048797
0.048049
0.046161
0.046156
0.048223
0.051609
0.057261
0.068662
0.034264
0.035284
0.039975
0.043682
0.046761
0.047611
0.044064
0.040968
0.041774
0.046788
0.046769
0.046688
0.046397
0.045891
0.045388
0.045073
0.045011
0.045233
0.045746
0.046495
0.047129
0.046604
0.044849
0.0446
0.046231
0.049031
0.05363
0.062257
0.032892
0.035325
0.039322
0.042476
0.045103
0.045613
0.0419
0.038632
0.039126
-18.768
-52.401
0.42614
0
0.93476
12.379
