0.12764
0.12777
0.1282
0.129
0.12996
0.13081
0.13154
0.13243
0.13376
0.13567
0.13807
0.14004
0.13889
0.13502
0.13608
0.14283
0.15401
0.17433
0.22782
0.14537
0.11865
0.12704
0.13809
0.14929
0.15377
0.14055
0.12474
0.12393
0.1268
0.12692
0.12744
0.12837
0.12943
0.13029
0.13102
0.13195
0.13336
0.13539
0.13797
0.14022
0.13949
0.13592
0.13698
0.14372
0.15507
0.17606
0.23226
0.14866
0.11891
0.12702
0.13818
0.14959
0.15436
0.14152
0.12602
0.12536
0.12516
0.12521
0.12566
0.12673
0.12818
0.12935
0.12998
0.1304
0.13115
0.13256
0.13459
0.13631
0.13518
0.13158
0.13257
0.13875
0.14881
0.16678
0.21438
0.14162
0.11781
0.12458
0.1342
0.14423
0.14789
0.13477
0.11964
0.11901
0.12177
0.12195
0.12252
0.12338
0.12426
0.12494
0.12557
0.12641
0.12767
0.12945
0.13169
0.13353
0.13234
0.12819
0.12843
0.13412
0.14398
0.162
0.20771
0.12674
0.10762
0.11691
0.12753
0.13793
0.14199
0.12977
0.11533
0.11474
-10.295
-55.507
0.16505
0
0.18719
4.5168
