0.11606
0.11596
0.11568
0.11523
0.11477
0.11449
0.11442
0.11466
0.11539
0.11676
0.11869
0.12033
0.1189
0.11391
0.1125
0.11602
0.1226
0.13345
0.15103
0.069553
0.084148
0.095366
0.10301
0.10888
0.10974
0.10157
0.094984
0.09632
0.11658
0.11659
0.11636
0.11575
0.11486
0.11404
0.11361
0.11376
0.1146
0.11612
0.11812
0.11953
0.11731
0.11156
0.1105
0.11486
0.12228
0.13406
0.1534
0.07058
0.084597
0.096496
0.10488
0.11146
0.11279
0.10438
0.097379
0.098917
0.11273
0.11277
0.11273
0.11247
0.11206
0.11171
0.11148
0.11144
0.11179
0.1127
0.11415
0.11532
0.11354
0.10823
0.10616
0.10865
0.11373
0.12167
0.12944
0.051043
0.076658
0.087247
0.093678
0.098334
0.098411
0.090538
0.08467
0.086291
0.11225
0.11231
0.11226
0.11198
0.11148
0.11099
0.11075
0.11096
0.11178
0.11326
0.11525
0.11677
0.11496
0.1096
0.10834
0.11226
0.11932
0.13087
0.15045
0.068696
0.081601
0.093161
0.10123
0.10753
0.10881
0.10071
0.093892
0.095244
-10.989
-51.113
0.206
0
0.33754
4.9185
