0.08428
0.084606
0.085656
0.087319
0.088952
0.090071
0.090964
0.092106
0.093718
0.095841
0.098348
0.10047
0.10022
0.098707
0.10214
0.11063
0.1238
0.14779
0.20845
0.11128
0.074465
0.08787
0.10298
0.11754
0.12553
0.11548
0.10083
0.1018
0.091461
0.091583
0.092176
0.093308
0.094648
0.095774
0.096735
0.097823
0.099243
0.10108
0.10324
0.10494
0.10417
0.10198
0.10458
0.11192
0.1232
0.14334
0.19362
0.10697
0.082098
0.093809
0.1067
0.11914
0.12532
0.11505
0.10165
0.10255
0.095184
0.095168
0.095476
0.096161
0.097014
0.097786
0.098569
0.099604
0.10101
0.10282
0.10487
0.10634
0.10526
0.10301
0.10576
0.11312
0.12421
0.14384
0.19292
0.10831
0.084551
0.095717
0.10813
0.12013
0.12596
0.1156
0.10233
0.10305
0.097077
0.096988
0.097136
0.097489
0.097874
0.098203
0.098666
0.099517
0.10089
0.10278
0.10506
0.10689
0.10616
0.10367
0.10578
0.11264
0.12331
0.14225
0.18947
0.10786
0.086041
0.09696
0.10921
0.1213
0.12761
0.11815
0.10541
0.10592
-10.403
-51.472
0.052655
0
0.98956
61.997
