0.099611
0.099874
0.10056
0.10157
0.10258
0.1034
0.10419
0.10526
0.10688
0.10921
0.1122
0.1149
0.11403
0.10875
0.1077
0.11312
0.12334
0.14134
0.17693
0.056533
0.063427
0.082067
0.09412
0.10341
0.10744
0.10179
0.096878
0.10026
0.099795
0.10006
0.10074
0.10167
0.10252
0.10313
0.10373
0.10464
0.10611
0.1083
0.1111
0.11355
0.11235
0.10666
0.10513
0.10991
0.11912
0.13506
0.16433
0.049715
0.065093
0.082465
0.093501
0.10206
0.10576
0.10019
0.095136
0.09795
0.095381
0.095498
0.09607
0.096966
0.097898
0.098681
0.099394
0.10025
0.1015
0.10337
0.10587
0.10819
0.10744
0.10256
0.10114
0.10552
0.11434
0.13012
0.16023
0.042878
0.055821
0.073557
0.084398
0.092651
0.096273
0.091477
0.087751
0.091812
0.09714
0.09729
0.097865
0.098871
0.10001
0.10096
0.10184
0.10299
0.10465
0.10697
0.10984
0.11223
0.11087
0.10538
0.10457
0.1101
0.12002
0.13709
0.16995
0.051116
0.061482
0.080045
0.091963
0.10114
0.10519
0.099985
0.095791
0.099755
-12.944
-57.201
0.16204
0
0.18719
4.5918
