0.086973
0.087264
0.088281
0.089784
0.09119
0.092235
0.093271
0.094695
0.096673
0.099258
0.10243
0.10569
0.10709
0.10645
0.1094
0.11759
0.1314
0.15799
0.23084
0.14159
0.090303
0.098517
0.11244
0.12723
0.13628
0.12783
0.11445
0.11544
0.094745
0.094874
0.095504
0.096565
0.09768
0.098553
0.099345
0.10037
0.10183
0.10383
0.10629
0.10851
0.10847
0.10665
0.10907
0.11637
0.12812
0.14982
0.20645
0.12059
0.088222
0.098448
0.11124
0.12402
0.13078
0.12104
0.10796
0.10905
0.097561
0.097615
0.098102
0.098983
0.09995
0.10071
0.10136
0.1022
0.10345
0.10523
0.10747
0.10947
0.10924
0.1073
0.10948
0.11624
0.12693
0.14627
0.19677
0.12032
0.093247
0.10187
0.11316
0.1247
0.13047
0.12044
0.10767
0.10852
0.098929
0.099089
0.099476
0.1
0.10054
0.10111
0.1019
0.10307
0.10475
0.10695
0.10959
0.11181
0.11119
0.10812
0.10969
0.11668
0.12814
0.14902
0.20337
0.12371
0.094209
0.10346
0.11542
0.12761
0.13402
0.12409
0.11049
0.11042
-10.763
-56.545
0.050691
1
0.91816
30.543
