0.080646
0.080928
0.081906
0.083414
0.08492
0.086093
0.087166
0.088501
0.090317
0.092726
0.095708
0.09865
0.099525
0.09836
0.10108
0.10902
0.12221
0.1471
0.2129
0.12401
0.079679
0.089529
0.10333
0.11745
0.12608
0.11836
0.1062
0.10765
0.084992
0.085274
0.086118
0.087327
0.08848
0.089386
0.09027
0.091438
0.093102
0.095394
0.098294
0.10118
0.10191
0.10032
0.10245
0.10978
0.12216
0.14547
0.20747
0.12526
0.085567
0.094063
0.10641
0.11928
0.12686
0.11866
0.10631
0.10687
0.091039
0.091267
0.09194
0.09295
0.093898
0.09454
0.095116
0.095989
0.097368
0.099316
0.10174
0.10393
0.10377
0.10149
0.10317
0.1097
0.12049
0.14034
0.19136
0.11124
0.084172
0.093974
0.10559
0.11706
0.12308
0.11439
0.10283
0.10361
0.09493
0.094966
0.095306
0.095949
0.096695
0.097337
0.09795
0.09877
0.099988
0.1017
0.10383
0.10561
0.10494
0.10232
0.10385
0.10991
0.11947
0.13628
0.17717
0.1004
0.084369
0.09464
0.10562
0.11629
0.12148
0.11245
0.10126
0.10222
-11.35
-57.622
0.053234
0
1
78.882
