0.047791
0.047737
0.047624
0.047414
0.047143
0.046908
0.046771
0.04679
0.047028
0.04752
0.048213
0.04876
0.048123
0.046248
0.045873
0.047358
0.049963
0.054193
0.061506
0.032913
0.036742
0.040709
0.043727
0.046179
0.046492
0.042679
0.039473
0.040007
0.047069
0.047166
0.047325
0.047452
0.047403
0.047165
0.046911
0.046854
0.047129
0.047755
0.048639
0.049363
0.04869
0.046383
0.045648
0.04713
0.050044
0.055053
0.064084
0.028692
0.033533
0.038574
0.042063
0.044727
0.045129
0.041298
0.037984
0.038457
0.047367
0.047344
0.047254
0.047102
0.046937
0.046819
0.046787
0.046893
0.047199
0.047747
0.048503
0.049129
0.048585
0.046851
0.046679
0.04838
0.051229
0.055845
0.063965
0.032104
0.036237
0.040678
0.043954
0.046535
0.046906
0.04326
0.040372
0.041088
0.04583
0.045846
0.04584
0.045716
0.045473
0.045236
0.045096
0.045096
0.045293
0.045739
0.046398
0.046918
0.046159
0.043886
0.043062
0.044298
0.046826
0.051087
0.057508
0.020485
0.029131
0.034208
0.037422
0.039846
0.04026
0.036958
0.034316
0.035266
-18.547
-54.278
0.42123
0
0.83298
12.272
