0.09463
0.094907
0.095835
0.097356
0.098931
0.10011
0.10113
0.10238
0.10407
0.10625
0.10881
0.11098
0.1107
0.10906
0.11255
0.12135
0.13509
0.16018
0.22339
0.11781
0.080946
0.095439
0.11112
0.12586
0.13336
0.12223
0.10749
0.10933
0.098378
0.098619
0.099291
0.10031
0.10132
0.10211
0.10297
0.10425
0.10611
0.10856
0.11147
0.11402
0.11381
0.11141
0.1139
0.12204
0.13521
0.15938
0.22008
0.11585
0.081914
0.096133
0.11133
0.12567
0.13317
0.12294
0.10929
0.11103
0.10127
0.10142
0.10191
0.1027
0.10358
0.10439
0.10525
0.10639
0.10802
0.11028
0.11308
0.11564
0.11557
0.11311
0.11517
0.12273
0.13511
0.15778
0.2157
0.12394
0.092576
0.10371
0.11694
0.13001
0.13681
0.12671
0.11341
0.11454
0.10308
0.10328
0.10382
0.10458
0.10532
0.10598
0.10677
0.10792
0.10963
0.11202
0.11502
0.11786
0.11804
0.11547
0.11721
0.12472
0.13743
0.16121
0.2242
0.13617
0.098677
0.10791
0.12061
0.13368
0.14083
0.13099
0.11729
0.11765
-10.086
-55.774
0.052018
0
0.4879
26.973
