0.11811
0.1181
0.11792
0.11739
0.11658
0.11578
0.11528
0.11526
0.11588
0.11715
0.11892
0.12019
0.11815
0.11282
0.11167
0.11545
0.12198
0.13225
0.14811
0.074237
0.088279
0.098767
0.1062
0.112
0.11261
0.10359
0.0961
0.097054
0.11758
0.11738
0.11696
0.1163
0.11558
0.11503
0.11477
0.11493
0.11563
0.11692
0.11865
0.11989
0.11804
0.11332
0.11277
0.11689
0.12369
0.13442
0.1524
0.079546
0.090295
0.10053
0.10818
0.11436
0.11543
0.10685
0.099708
0.10101
0.11316
0.11318
0.11314
0.11285
0.11226
0.11161
0.11113
0.111
0.1114
0.11243
0.11393
0.11499
0.11284
0.10723
0.1054
0.10845
0.11433
0.12384
0.13681
0.054418
0.075806
0.087353
0.094797
0.10046
0.10131
0.093093
0.086258
0.087842
0.11659
0.11651
0.11617
0.11558
0.11493
0.11444
0.11426
0.11456
0.11547
0.11706
0.11914
0.12071
0.11881
0.11335
0.11215
0.11611
0.123
0.13403
0.15231
0.073262
0.086282
0.097627
0.10579
0.11225
0.1136
0.10556
0.098959
0.10047
-10.424
-51.643
0.20473
0
0.56308
13.948
