0.087881
0.088212
0.089268
0.090832
0.092385
0.09365
0.094854
0.096319
0.098281
0.10091
0.10426
0.10777
0.10927
0.10835
0.11117
0.11963
0.13404
0.16164
0.23625
0.14385
0.092088
0.10066
0.11464
0.12936
0.13834
0.12982
0.11656
0.11777
0.099386
0.09943
0.099863
0.10069
0.10165
0.10247
0.10327
0.10428
0.10569
0.10756
0.1098
0.11162
0.11087
0.10843
0.11068
0.11779
0.12884
0.14847
0.19657
0.1073
0.086551
0.098786
0.11158
0.12374
0.12955
0.11927
0.1067
0.10829
0.098977
0.099137
0.099797
0.10099
0.10238
0.10358
0.1046
0.10574
0.10723
0.10927
0.11185
0.11434
0.11458
0.11259
0.11443
0.12125
0.13259
0.15362
0.20817
0.12142
0.091902
0.10192
0.11402
0.12599
0.13209
0.12273
0.11092
0.11237
0.10319
0.10321
0.10354
0.10413
0.10478
0.10533
0.10594
0.10685
0.10825
0.11019
0.11259
0.11465
0.11418
0.11164
0.11345
0.12025
0.13124
0.15119
0.20263
0.12203
0.095778
0.10505
0.1164
0.12769
0.1331
0.12303
0.11062
0.11143
-10.688
-54.818
0.051567
1
0.91816
36.755
