0.095755
0.095682
0.095647
0.095635
0.095615
0.095583
0.095613
0.095862
0.096492
0.097588
0.099058
0.10022
0.099096
0.095821
0.095802
0.099595
0.10597
0.11698
0.14173
0.083227
0.079388
0.086838
0.093796
0.10002
0.10154
0.092685
0.08387
0.084133
0.095246
0.094952
0.094668
0.094487
0.094574
0.094911
0.095293
0.095652
0.096144
0.096984
0.098226
0.099361
0.098668
0.096064
0.096152
0.099588
0.10537
0.11534
0.13798
0.083577
0.078977
0.084944
0.090852
0.09629
0.097375
0.088965
0.081243
0.082258
0.094895
0.094841
0.094801
0.094803
0.094861
0.094963
0.095153
0.095572
0.096366
0.097617
0.099241
0.10055
0.099548
0.096417
0.096708
0.10097
0.10807
0.12054
0.15018
0.087917
0.07904
0.086405
0.093688
0.10027
0.10213
0.093656
0.085384
0.086211
0.095032
0.09501
0.094961
0.094924
0.09492
0.094937
0.095041
0.095398
0.096168
0.097427
0.099077
0.10041
0.099371
0.096157
0.09641
0.10065
0.10767
0.12
0.14949
0.087764
0.078917
0.086424
0.093899
0.10067
0.1027
0.094348
0.086037
0.086745
-12.531
-63.162
0.28063
0
0.33754
4.9577
