0.04856
0.04856
0.048517
0.048386
0.048194
0.048047
0.048021
0.048166
0.048531
0.049142
0.049933
0.050485
0.049605
0.047373
0.047071
0.04901
0.052344
0.057883
0.068156
0.031099
0.034943
0.040175
0.043943
0.0469
0.047503
0.043712
0.040539
0.041296
0.047544
0.047546
0.047559
0.047494
0.047314
0.047098
0.046934
0.046896
0.047067
0.047505
0.048169
0.048709
0.048016
0.04591
0.045271
0.046639
0.049293
0.053792
0.061211
0.025181
0.031684
0.036561
0.039805
0.042279
0.042607
0.038949
0.035997
0.03687
0.04845
0.048428
0.048309
0.048089
0.047842
0.047684
0.047676
0.047865
0.048308
0.049038
0.050007
0.050817
0.050256
0.048205
0.047847
0.049682
0.052937
0.058483
0.069605
0.03488
0.036402
0.041089
0.044672
0.047538
0.048128
0.044465
0.04142
0.042145
0.047708
0.047656
0.047585
0.047494
0.047406
0.047353
0.04738
0.047563
0.047979
0.048668
0.049575
0.050306
0.049686
0.047676
0.047415
0.049324
0.052641
0.058286
0.069984
0.0363
0.036516
0.040913
0.044462
0.047407
0.048099
0.044411
0.041276
0.042051
-18.365
-53.528
0.41609
0
0.56308
4.0675
