0.10197
0.1022
0.10281
0.10363
0.10436
0.10489
0.10546
0.10638
0.10788
0.11008
0.11289
0.11533
0.11416
0.10871
0.1076
0.11276
0.12233
0.13878
0.16965
0.055339
0.067487
0.08461
0.095697
0.10429
0.10783
0.10198
0.097004
0.10012
0.099111
0.099201
0.099615
0.10021
0.10073
0.10114
0.10163
0.10247
0.10384
0.10587
0.10848
0.1108
0.10977
0.10453
0.10305
0.1075
0.11626
0.13158
0.1594
0.042345
0.060632
0.078225
0.089043
0.09735
0.10098
0.095802
0.091341
0.094713
0.095848
0.096074
0.096812
0.09803
0.099391
0.10048
0.10124
0.10195
0.103
0.1047
0.1071
0.10944
0.1087
0.10348
0.10142
0.10526
0.11374
0.12944
0.1598
0.036597
0.050928
0.069678
0.080556
0.088547
0.091897
0.087111
0.083481
0.087499
0.09773
0.097977
0.098671
0.09976
0.1009
0.10179
0.10261
0.10373
0.10542
0.10784
0.11091
0.11364
0.11273
0.10732
0.10615
0.11139
0.12129
0.13869
0.17284
0.053132
0.061316
0.079873
0.091739
0.10081
0.10476
0.099587
0.095432
0.099229
-12.095
-50.759
0.16091
0
0.4879
16.72
