0.11554
0.11552
0.11542
0.11508
0.11449
0.11388
0.11348
0.11343
0.11389
0.11497
0.11653
0.11768
0.11576
0.11053
0.10904
0.11227
0.11824
0.12772
0.14051
0.062965
0.082478
0.093493
0.10079
0.10637
0.107
0.09849
0.091496
0.092725
0.11377
0.11378
0.11367
0.1133
0.11275
0.11229
0.11213
0.1124
0.11321
0.11463
0.11651
0.11793
0.11609
0.11083
0.10964
0.11357
0.12058
0.13203
0.15108
0.06894
0.082777
0.094463
0.10263
0.10904
0.11031
0.1018
0.094478
0.095698
0.11315
0.11313
0.11297
0.11263
0.11217
0.11178
0.11161
0.11186
0.11271
0.11426
0.11638
0.11813
0.11667
0.11163
0.11053
0.11459
0.12183
0.13374
0.15446
0.071678
0.083185
0.094751
0.10301
0.10958
0.111
0.10268
0.095614
0.097056
0.11204
0.11196
0.11185
0.11181
0.11195
0.11205
0.1118
0.11135
0.11118
0.1117
0.11289
0.11385
0.11196
0.10692
0.10539
0.10825
0.11344
0.12127
0.12983
0.063019
0.081758
0.090817
0.096735
0.10114
0.1008
0.09197
0.085264
0.086591
-10.916
-50.497
0.20548
0
0.99739
29.016
