0.1091
0.10921
0.10925
0.10892
0.10817
0.10737
0.10686
0.10681
0.10735
0.10849
0.11009
0.11124
0.10914
0.10342
0.10145
0.10456
0.11077
0.12101
0.13478
0.036114
0.066013
0.079494
0.087433
0.093177
0.094161
0.086734
0.081012
0.083392
0.11291
0.11285
0.11262
0.1121
0.11136
0.11071
0.11052
0.11095
0.112
0.11359
0.11553
0.11687
0.11484
0.10951
0.1084
0.1122
0.11871
0.12891
0.14373
0.063229
0.082079
0.094041
0.10213
0.10829
0.10949
0.10203
0.096144
0.097659
0.10872
0.10872
0.10875
0.10868
0.1084
0.10797
0.10753
0.1073
0.10752
0.10834
0.10965
0.11059
0.10857
0.10333
0.10164
0.10445
0.10981
0.11818
0.12742
0.048738
0.073377
0.08423
0.090923
0.095879
0.096377
0.088897
0.083069
0.084651
0.11
0.11
0.1098
0.10924
0.10836
0.10751
0.10694
0.1068
0.10725
0.10837
0.11002
0.11131
0.10945
0.10394
0.10189
0.10457
0.10992
0.11838
0.12847
0.053603
0.075303
0.08581
0.0925
0.097525
0.09806
0.090425
0.084277
0.085531
-10.897
-51.058
0.20848
0
0.83298
24.269
