0.11636
0.11655
0.117
0.11778
0.11879
0.11979
0.12075
0.12189
0.12343
0.12551
0.12799
0.12987
0.12839
0.12411
0.12503
0.13171
0.14263
0.16228
0.21486
0.14103
0.11283
0.12015
0.131
0.14261
0.14819
0.13615
0.12008
0.11832
0.12007
0.12004
0.12048
0.12165
0.12326
0.1246
0.12549
0.12623
0.12717
0.12847
0.13003
0.13095
0.12908
0.1259
0.12794
0.13451
0.14419
0.16104
0.20723
0.14376
0.11938
0.12523
0.13443
0.14407
0.14727
0.13401
0.11918
0.11872
0.11587
0.11606
0.11678
0.11791
0.11903
0.11974
0.12008
0.12038
0.12097
0.12208
0.12367
0.12501
0.12382
0.12015
0.12024
0.12498
0.13324
0.14824
0.18527
0.11177
0.098576
0.10687
0.11601
0.12504
0.12832
0.11665
0.10304
0.10268
0.11411
0.11433
0.11502
0.11605
0.11701
0.11764
0.11806
0.11855
0.1194
0.12076
0.12258
0.12412
0.12305
0.11942
0.11968
0.12483
0.13377
0.15002
0.18995
0.11148
0.096769
0.10587
0.11569
0.12532
0.12927
0.1183
0.10515
0.10494
-10.516
-57.671
0.16749
0
0.90605
34.861
