0.092112
0.092224
0.093015
0.094469
0.096095
0.097415
0.098531
0.09977
0.10135
0.10341
0.10593
0.10834
0.10894
0.10832
0.11174
0.11976
0.13247
0.15614
0.21843
0.12631
0.088264
0.0992
0.11325
0.12737
0.13524
0.12565
0.11228
0.11403
0.096793
0.096978
0.097704
0.098851
0.10002
0.10094
0.10183
0.10299
0.10466
0.10695
0.10981
0.11256
0.11298
0.11119
0.11358
0.12137
0.13427
0.15843
0.22226
0.13096
0.091646
0.10178
0.11528
0.12892
0.13645
0.12689
0.11366
0.11488
0.098867
0.099089
0.099833
0.10094
0.10205
0.10295
0.10379
0.10484
0.10632
0.1084
0.11109
0.11376
0.11424
0.11232
0.11408
0.12097
0.13268
0.15478
0.2142
0.13365
0.098316
0.10634
0.11799
0.13018
0.13683
0.12738
0.11439
0.11478
0.10585
0.10595
0.10633
0.10697
0.10768
0.10824
0.10881
0.10967
0.11099
0.11281
0.115
0.11667
0.11551
0.11243
0.11424
0.12103
0.13158
0.15016
0.19565
0.11073
0.092655
0.10413
0.1163
0.12793
0.13318
0.12236
0.10928
0.11009
-9.9801
-57.669
0.051683
0
0.63825
33.834
