0.04902
0.049042
0.049156
0.049216
0.049057
0.048692
0.048275
0.047989
0.047983
0.048328
0.048974
0.049567
0.049002
0.046954
0.046141
0.04719
0.0494
0.053126
0.058552
0.026412
0.033619
0.037928
0.040726
0.042758
0.042679
0.038922
0.036091
0.036784
0.047629
0.047642
0.04757
0.04727
0.04677
0.046347
0.046199
0.046334
0.04672
0.047341
0.048146
0.04877
0.048088
0.046047
0.045693
0.04747
0.050643
0.056013
0.066008
0.029699
0.033597
0.038759
0.042468
0.045435
0.046221
0.042751
0.039653
0.040322
0.048493
0.048417
0.048318
0.048313
0.04846
0.048608
0.04862
0.048573
0.048656
0.04901
0.049619
0.050106
0.049389
0.047502
0.04726
0.048881
0.051546
0.055732
0.062565
0.032609
0.037346
0.041469
0.044482
0.046806
0.046912
0.043161
0.040408
0.041178
0.045506
0.04551
0.045419
0.045204
0.044973
0.044899
0.045025
0.045327
0.045806
0.046483
0.047316
0.047921
0.047098
0.044757
0.044142
0.045739
0.048691
0.053582
0.061915
0.026972
0.032609
0.037638
0.041155
0.043958
0.044634
0.041116
0.037954
0.038537
-18.165
-52.672
0.42663
0
0.33754
3.3973
