0.11681
0.11668
0.11639
0.11596
0.11551
0.11518
0.11506
0.11529
0.11604
0.11742
0.11932
0.12083
0.11925
0.1145
0.11372
0.11774
0.12459
0.1356
0.15454
0.078764
0.088982
0.099398
0.10713
0.11337
0.11455
0.10628
0.09953
0.10102
0.11339
0.11339
0.11328
0.11281
0.11198
0.11109
0.1104
0.11001
0.11007
0.11069
0.11174
0.11234
0.10986
0.10413
0.10206
0.10459
0.10968
0.11774
0.12562
0.040391
0.070344
0.081708
0.088277
0.092836
0.092583
0.084035
0.077836
0.080201
0.1133
0.11326
0.11307
0.11259
0.11188
0.11123
0.11086
0.11089
0.11144
0.11257
0.11414
0.11525
0.11321
0.10786
0.10637
0.10963
0.1156
0.12507
0.13815
0.061751
0.080363
0.091195
0.098366
0.10379
0.10431
0.09589
0.089028
0.090194
0.11246
0.11246
0.11225
0.11167
0.1108
0.10999
0.10949
0.10941
0.1099
0.11102
0.11263
0.11381
0.1118
0.10638
0.10473
0.10782
0.11353
0.1225
0.13451
0.062315
0.080193
0.09045
0.097361
0.10268
0.10319
0.094704
0.087615
0.088597
-11.267
-50.095
0.20838
0
0.98956
23.608
