0.086911
0.087285
0.088397
0.090164
0.092029
0.093517
0.0948
0.096265
0.098169
0.10067
0.10379
0.10694
0.10797
0.10664
0.10916
0.11719
0.13084
0.15677
0.22391
0.12103
0.076581
0.089461
0.10467
0.1193
0.1276
0.11902
0.10691
0.10949
0.092415
0.092601
0.093357
0.094519
0.095658
0.096555
0.097452
0.098671
0.1004
0.10274
0.10563
0.10838
0.10879
0.10701
0.10941
0.11719
0.13005
0.15403
0.21707
0.12886
0.0902
0.099957
0.11309
0.12649
0.13414
0.12524
0.11249
0.11356
0.0962
0.096331
0.096937
0.097987
0.099197
0.10027
0.10121
0.10224
0.10362
0.10559
0.10817
0.11082
0.11145
0.10975
0.1115
0.1182
0.12964
0.15119
0.20835
0.12649
0.093157
0.10169
0.11325
0.1251
0.13146
0.12248
0.1105
0.11138
0.098093
0.098197
0.098701
0.099474
0.10026
0.10092
0.10157
0.10243
0.1037
0.10556
0.10798
0.11029
0.1102
0.10756
0.10865
0.11477
0.12525
0.14458
0.19392
0.11493
0.090531
0.099996
0.11128
0.12265
0.12866
0.11962
0.10742
0.10764
-10.465
-55.118
0.051886
0
0.99739
67.083
