0.10211
0.10242
0.10318
0.10407
0.10469
0.10497
0.10522
0.10578
0.10695
0.10889
0.11152
0.11384
0.11245
0.10628
0.10412
0.10843
0.11733
0.13304
0.16179
0.039738
0.058605
0.077017
0.088165
0.096638
0.10024
0.094749
0.090051
0.093569
0.10333
0.10349
0.10397
0.10472
0.10554
0.10627
0.10699
0.10797
0.10946
0.11164
0.11443
0.11689
0.1158
0.11047
0.1094
0.11449
0.12391
0.14001
0.16956
0.053854
0.06895
0.086271
0.097395
0.10598
0.10948
0.10366
0.098808
0.10198
0.10103
0.1012
0.10175
0.10261
0.10354
0.10437
0.1052
0.10629
0.10786
0.11011
0.11299
0.11555
0.11455
0.10927
0.1083
0.11364
0.12352
0.14068
0.17394
0.0575
0.066124
0.08363
0.095058
0.10392
0.10767
0.10205
0.097405
0.10089
0.096329
0.096635
0.097465
0.098601
0.099615
0.1003
0.10085
0.10158
0.10281
0.10475
0.10739
0.10989
0.10913
0.10376
0.10182
0.10602
0.11497
0.13134
0.16328
0.042458
0.053497
0.072051
0.083229
0.091691
0.095498
0.090689
0.086659
0.090555
-11.872
-58.275
0.16172
0
0.90605
34.49
