0.089452
0.089767
0.090822
0.092385
0.093902
0.095095
0.096236
0.097687
0.099683
0.10237
0.10576
0.10924
0.11066
0.10973
0.11265
0.12122
0.13568
0.16335
0.23887
0.14913
0.097243
0.10534
0.11934
0.13441
0.14371
0.13476
0.12043
0.12101
0.096918
0.097063
0.09774
0.098872
0.10008
0.10105
0.10194
0.10306
0.1046
0.10668
0.10926
0.11164
0.11175
0.11003
0.11256
0.1201
0.13226
0.15467
0.2126
0.12227
0.089766
0.1007
0.11393
0.12699
0.13389
0.12423
0.11155
0.11321
0.10144
0.10131
0.10174
0.1028
0.10408
0.10508
0.10584
0.10668
0.1078
0.10933
0.11125
0.11306
0.11324
0.11229
0.11481
0.12117
0.13115
0.14949
0.19753
0.11935
0.095477
0.10469
0.11584
0.12681
0.13187
0.12204
0.11069
0.11246
0.10292
0.1031
0.10357
0.10424
0.10489
0.10544
0.10609
0.10711
0.10866
0.11081
0.11345
0.11577
0.11536
0.11253
0.11417
0.12117
0.13262
0.15348
0.20735
0.12452
0.096266
0.10599
0.1181
0.13029
0.13646
0.12621
0.11284
0.11332
-10.226
-60.897
0.05249
1
0.90605
29.079
