0.083385
0.083687
0.084665
0.086174
0.087652
0.088727
0.089659
0.090838
0.092463
0.094605
0.097206
0.099631
0.099964
0.098651
0.10147
0.10921
0.12172
0.14502
0.20558
0.11571
0.077751
0.089058
0.10312
0.11717
0.12546
0.11712
0.10432
0.10546
0.087074
0.087184
0.087764
0.088699
0.089694
0.090598
0.091562
0.092791
0.094427
0.09657
0.099198
0.1017
0.10212
0.10072
0.10326
0.11068
0.12272
0.14499
0.20352
0.12158
0.086018
0.095153
0.10764
0.12054
0.12795
0.11924
0.10653
0.1073
0.090949
0.090949
0.091345
0.092427
0.094091
0.095782
0.097187
0.098404
0.099694
0.10131
0.10332
0.10519
0.10515
0.10359
0.10571
0.11203
0.12208
0.14034
0.18665
0.10635
0.083783
0.093918
0.1055
0.1169
0.12269
0.1136
0.10203
0.10329
0.095965
0.095993
0.096342
0.096933
0.097548
0.098061
0.098611
0.099432
0.1007
0.1025
0.10472
0.10661
0.10603
0.10353
0.10531
0.11185
0.12225
0.14091
0.1895
0.11829
0.092766
0.10081
0.11156
0.12273
0.12854
0.11901
0.10621
0.10618
-10.615
-51.926
0.052243
0
0.63825
33.899
