0.066005
0.066061
0.066139
0.066133
0.065959
0.065672
0.065427
0.0654
0.065736
0.066492
0.067571
0.068392
0.067256
0.064051
0.063268
0.065521
0.069571
0.076084
0.086195
0.037898
0.047947
0.055073
0.059988
0.063877
0.064744
0.059715
0.055184
0.055777
0.065259
0.065335
0.065439
0.065423
0.065208
0.064924
0.064779
0.064926
0.065463
0.066422
0.067706
0.068729
0.067701
0.064368
0.063451
0.065801
0.070227
0.077687
0.090857
0.037466
0.045212
0.052881
0.058188
0.062415
0.063639
0.058927
0.054583
0.055383
0.063882
0.063923
0.063987
0.064014
0.063966
0.063884
0.063853
0.063981
0.064383
0.065131
0.06616
0.066944
0.065894
0.062952
0.062368
0.064698
0.068826
0.07559
0.086974
0.037766
0.045939
0.052961
0.057834
0.061673
0.062553
0.05779
0.053639
0.054415
0.064602
0.064574
0.064484
0.06429
0.064016
0.063772
0.063676
0.063829
0.064307
0.065133
0.06621
0.066977
0.065877
0.063112
0.062981
0.06577
0.070359
0.077881
0.091879
0.041833
0.046661
0.053706
0.058828
0.062892
0.063887
0.059177
0.055273
0.056398
-15.693
-58.597
0.43413
0
0.41272
4.8241
