0.11645
0.11658
0.11703
0.1179
0.11897
0.11986
0.12062
0.12158
0.12294
0.12477
0.12692
0.12845
0.12701
0.12362
0.12535
0.13219
0.14285
0.1621
0.21509
0.14434
0.11457
0.12107
0.13131
0.14211
0.14666
0.13406
0.11849
0.11733
0.1136
0.11367
0.11416
0.11513
0.1163
0.11727
0.11801
0.11879
0.11988
0.1214
0.12328
0.12471
0.12352
0.12035
0.12152
0.12733
0.13664
0.15349
0.20069
0.14101
0.11467
0.11971
0.12856
0.1383
0.14236
0.13023
0.11517
0.1137
0.11157
0.11179
0.11243
0.11349
0.11468
0.11562
0.11636
0.11721
0.11844
0.12018
0.12231
0.12394
0.12263
0.1191
0.12034
0.12669
0.13685
0.1552
0.20538
0.13892
0.11121
0.11733
0.12712
0.1377
0.14248
0.13059
0.11522
0.1136
0.10912
0.10934
0.11005
0.11121
0.11244
0.11336
0.11403
0.11475
0.1158
0.11728
0.11911
0.12049
0.11923
0.11587
0.11679
0.12238
0.13152
0.14806
0.19204
0.12628
0.1046
0.11139
0.12075
0.13054
0.13474
0.12339
0.10912
0.1078
-10.685
-60.479
0.168
0
0.56308
20.597
