0.096411
0.096675
0.097442
0.098495
0.099395
0.099952
0.10044
0.10124
0.10269
0.10496
0.10805
0.11111
0.11099
0.10619
0.10462
0.10924
0.11881
0.13634
0.1718
0.051221
0.05612
0.074762
0.086355
0.095167
0.099352
0.095261
0.091909
0.095627
0.094158
0.094334
0.094998
0.096112
0.097356
0.098392
0.099274
0.1003
0.10178
0.10388
0.10655
0.10886
0.10762
0.10211
0.10074
0.1055
0.11452
0.13003
0.15861
0.047188
0.061565
0.078419
0.08907
0.097267
0.10073
0.095532
0.091219
0.094416
0.092507
0.092767
0.093442
0.094348
0.095166
0.095763
0.096331
0.097169
0.09855
0.10066
0.10347
0.10614
0.10551
0.10021
0.098276
0.10246
0.11127
0.12716
0.15769
0.040196
0.052571
0.070725
0.081704
0.090064
0.094041
0.089968
0.086525
0.090156
0.090158
0.090394
0.091139
0.092284
0.093488
0.094507
0.095467
0.096641
0.098277
0.10056
0.10346
0.10609
0.10533
0.10013
0.098745
0.10354
0.11291
0.12944
0.16156
0.049813
0.058519
0.075989
0.08724
0.096071
0.10029
0.095547
0.091031
0.094089
-13.063
-55.554
0.19381
0
0.26236
8.596
