0.087988
0.088101
0.088473
0.088974
0.089355
0.089596
0.089988
0.090785
0.092065
0.093813
0.095885
0.097486
0.09639
0.093059
0.093886
0.099306
0.10806
0.12333
0.15875
0.082095
0.070776
0.081006
0.090486
0.099056
0.10271
0.094964
0.086433
0.087805
0.089804
0.089689
0.089526
0.089323
0.089193
0.089216
0.08932
0.08948
0.089807
0.090436
0.091359
0.092045
0.090799
0.087632
0.08716
0.089976
0.094997
0.1036
0.12022
0.061606
0.06602
0.073651
0.079609
0.084558
0.085232
0.077078
0.069693
0.070725
0.091022
0.090971
0.09092
0.090724
0.090315
0.089865
0.089655
0.089898
0.090689
0.092016
0.09373
0.095116
0.094121
0.090794
0.09076
0.094737
0.10154
0.11347
0.14103
0.080042
0.073324
0.080939
0.08814
0.094634
0.09662
0.088433
0.079992
0.080409
0.089078
0.089009
0.088912
0.088787
0.088644
0.088565
0.088694
0.089161
0.090018
0.091257
0.092768
0.093935
0.093052
0.090529
0.091192
0.095243
0.10162
0.11253
0.13796
0.082833
0.076637
0.083424
0.090122
0.096172
0.09769
0.089334
0.081215
0.08181
-13.302
-51.516
0.28615
0
0.41272
6.053
