0.11348
0.11352
0.11344
0.11297
0.11209
0.11119
0.11059
0.11042
0.11079
0.11173
0.11306
0.11384
0.11125
0.10518
0.10306
0.10582
0.11122
0.1197
0.12875
0.046104
0.073518
0.085112
0.092203
0.097388
0.097714
0.089249
0.082582
0.084478
0.11412
0.11414
0.11397
0.11345
0.11267
0.11198
0.11162
0.11172
0.11237
0.11362
0.11531
0.1165
0.11435
0.10866
0.10685
0.10994
0.1157
0.12469
0.1361
0.062727
0.082466
0.093087
0.10011
0.10543
0.10582
0.097107
0.089817
0.090614
0.11289
0.11286
0.11264
0.11213
0.11144
0.11086
0.11056
0.11061
0.11114
0.11227
0.11387
0.11502
0.11306
0.10794
0.10675
0.11023
0.11632
0.12575
0.13866
0.066422
0.083618
0.093906
0.10091
0.10634
0.10693
0.098381
0.091219
0.092154
0.11115
0.11123
0.11113
0.11061
0.10969
0.10878
0.10821
0.10813
0.10863
0.10976
0.11136
0.11251
0.1104
0.10458
0.10235
0.10498
0.11037
0.11905
0.12945
0.048671
0.073047
0.084366
0.091363
0.096461
0.096783
0.088559
0.081972
0.083362
-10.675
-51.325
0.20821
0
0.78861
20.6
