0.10044
0.10053
0.10093
0.10166
0.10253
0.10329
0.104
0.10493
0.10635
0.10844
0.11114
0.11357
0.11271
0.10792
0.10716
0.11224
0.12158
0.13783
0.16922
0.057277
0.066672
0.083426
0.094412
0.1029
0.10637
0.10076
0.096171
0.099461
0.097414
0.097564
0.09811
0.098985
0.099928
0.10074
0.10155
0.10263
0.1042
0.10643
0.10924
0.1117
0.11064
0.10538
0.10432
0.1094
0.11887
0.13522
0.16653
0.057047
0.066337
0.082894
0.093919
0.10267
0.10655
0.10107
0.096146
0.099263
0.09679
0.096933
0.097442
0.098213
0.09896
0.099555
0.10023
0.10127
0.10288
0.10515
0.10799
0.11042
0.10928
0.10411
0.10338
0.10879
0.11849
0.1351
0.16684
0.054738
0.064546
0.081683
0.092919
0.10172
0.1055
0.09981
0.094857
0.098202
0.093296
0.093425
0.094005
0.095014
0.096191
0.097246
0.0982
0.099293
0.1008
0.10294
0.10572
0.10837
0.10793
0.10332
0.10215
0.10674
0.11569
0.13157
0.16257
0.054548
0.062691
0.079041
0.089879
0.098507
0.10253
0.09751
0.092725
0.095555
-13.238
-58.052
0.1636
0
0.83298
30.813
