0.13414
0.13417
0.13456
0.13533
0.13615
0.13669
0.13708
0.13771
0.13891
0.14076
0.14313
0.14512
0.14415
0.14063
0.14186
0.14857
0.1596
0.17989
0.23532
0.15543
0.12536
0.13251
0.14309
0.15395
0.15792
0.14423
0.12864
0.12816
0.12944
0.12956
0.13005
0.13112
0.13254
0.13378
0.13475
0.13581
0.13737
0.1396
0.14244
0.1449
0.14417
0.1407
0.14248
0.15033
0.1631
0.18642
0.24815
0.15405
0.12048
0.12976
0.14219
0.15477
0.16027
0.14718
0.1314
0.13154
0.12559
0.12577
0.12621
0.12691
0.12771
0.12854
0.12956
0.13102
0.13308
0.13578
0.139
0.14174
0.14093
0.13678
0.13801
0.14591
0.15924
0.18379
0.24762
0.14824
0.11395
0.1247
0.13816
0.15169
0.15837
0.14635
0.13065
0.13043
0.12981
0.12983
0.13015
0.13084
0.13173
0.13254
0.13336
0.13448
0.13607
0.13818
0.14064
0.1425
0.14104
0.13711
0.13857
0.14569
0.15704
0.17751
0.23151
0.14556
0.11868
0.12782
0.13945
0.15096
0.15552
0.14264
0.12778
0.12781
-9.5752
-50.082
0.16569
0
0.44279
15.613
