0.094636
0.094868
0.095583
0.096567
0.097431
0.098013
0.098522
0.09927
0.10053
0.10249
0.10512
0.10755
0.10669
0.10138
0.099691
0.10417
0.11337
0.13003
0.16259
0.041049
0.051578
0.070603
0.081961
0.090473
0.094304
0.089695
0.085952
0.08988
0.095534
0.095766
0.09644
0.097469
0.098547
0.09944
0.10027
0.10132
0.10286
0.10509
0.10798
0.11064
0.10991
0.10477
0.1035
0.10842
0.11794
0.13473
0.16725
0.052022
0.061359
0.078985
0.090239
0.098941
0.10288
0.098004
0.093774
0.09706
0.093037
0.093211
0.093861
0.094826
0.095769
0.096497
0.097143
0.097976
0.099266
0.10121
0.1038
0.10618
0.10528
0.099959
0.098171
0.10237
0.11102
0.12648
0.15575
0.040293
0.053925
0.071494
0.082188
0.090372
0.094155
0.089783
0.086162
0.089896
0.092723
0.092972
0.093701
0.094814
0.09596
0.096858
0.097636
0.098623
0.10012
0.10232
0.10522
0.10801
0.10763
0.10276
0.10123
0.10566
0.11471
0.13099
0.16279
0.047986
0.057501
0.075162
0.08622
0.094667
0.098495
0.093891
0.089926
0.093143
-12.495
-59.491
0.16142
0
0.97651
36.52
