0.10027
0.10053
0.10119
0.102
0.1026
0.10291
0.10313
0.10357
0.10451
0.10616
0.10848
0.1106
0.10943
0.1038
0.10169
0.10554
0.11378
0.12856
0.15552
0.03518
0.055226
0.072955
0.083376
0.091126
0.094177
0.088733
0.084421
0.088132
0.098778
0.099003
0.099648
0.10063
0.10164
0.10248
0.1033
0.10438
0.10597
0.10823
0.11111
0.11368
0.11277
0.10759
0.10659
0.11187
0.12174
0.139
0.17257
0.056437
0.064952
0.082638
0.094142
0.10309
0.10699
0.10133
0.096283
0.099403
0.097536
0.097712
0.098291
0.099251
0.10034
0.1013
0.1022
0.1033
0.10489
0.10713
0.11002
0.11267
0.11204
0.10728
0.10645
0.11168
0.12141
0.13844
0.17185
0.0576
0.064787
0.081984
0.093282
0.1021
0.10594
0.10059
0.096108
0.099594
0.095657
0.09579
0.096344
0.097228
0.098192
0.099045
0.099851
0.10083
0.10222
0.10426
0.10694
0.10945
0.10885
0.10414
0.10298
0.10759
0.11648
0.13202
0.1612
0.049946
0.062436
0.078983
0.089559
0.097828
0.10151
0.09649
0.09212
0.095295
-12.622
-59.274
0.15927
0
0.56308
19.658
