0.066275
0.06629
0.066317
0.066345
0.066357
0.066377
0.066511
0.066896
0.067631
0.068749
0.070155
0.071236
0.070177
0.066971
0.066557
0.069551
0.074733
0.083431
0.099827
0.04052
0.046323
0.05498
0.061088
0.065948
0.067597
0.063179
0.059351
0.060785
0.064903
0.064906
0.064916
0.064821
0.064587
0.064316
0.064105
0.064038
0.064223
0.064731
0.065489
0.065952
0.06452
0.061137
0.060079
0.061879
0.065292
0.070686
0.076927
0.024696
0.041584
0.048795
0.053163
0.056384
0.056798
0.052138
0.048513
0.049822
0.063709
0.063794
0.0639
0.063912
0.063768
0.063572
0.063501
0.063696
0.064253
0.065209
0.066491
0.067581
0.066857
0.064101
0.063633
0.066271
0.07106
0.079278
0.094827
0.038577
0.044079
0.052157
0.057814
0.062332
0.06384
0.059462
0.05544
0.056457
0.06312
0.063148
0.063201
0.063146
0.062917
0.062647
0.062497
0.062558
0.062897
0.063553
0.064459
0.065112
0.06396
0.060829
0.059812
0.061554
0.0649
0.070248
0.076963
0.029666
0.04341
0.05015
0.054404
0.057578
0.05793
0.053124
0.049254
0.050227
-15.423
-61.438
0.42982
0
0.4879
2.7199
