0.046368
0.046243
0.04607
0.045865
0.045695
0.04563
0.045692
0.045917
0.046357
0.047045
0.047929
0.048628
0.048022
0.046122
0.045963
0.047905
0.05121
0.056765
0.067954
0.034533
0.035526
0.040059
0.043675
0.046722
0.047617
0.044199
0.041206
0.042065
0.045093
0.04513
0.045176
0.045156
0.045032
0.044866
0.044758
0.044796
0.045058
0.045586
0.046336
0.046967
0.046419
0.044522
0.044035
0.045469
0.048148
0.052695
0.060986
0.029469
0.033165
0.037515
0.040705
0.043266
0.04374
0.040143
0.036986
0.037486
0.04609
0.046094
0.046044
0.04593
0.045777
0.045638
0.045569
0.04565
0.045965
0.046558
0.047387
0.048092
0.047564
0.045658
0.045254
0.046811
0.049581
0.0542
0.063154
0.034126
0.036007
0.039928
0.043039
0.04557
0.045937
0.042214
0.039144
0.039743
0.044803
0.044781
0.044738
0.044642
0.044509
0.044395
0.044347
0.04443
0.044727
0.045293
0.046097
0.04681
0.046374
0.044577
0.044161
0.045693
0.048565
0.053601
0.06394
0.032044
0.03301
0.037232
0.040513
0.043181
0.043749
0.040245
0.037201
0.037782
-18.335
-51.911
0.4284
0
0.95824
14.678
