0.098392
0.098576
0.0991
0.099965
0.10096
0.10186
0.10272
0.10383
0.10547
0.10782
0.11084
0.11355
0.11269
0.10743
0.10641
0.11174
0.12168
0.13908
0.17334
0.056013
0.063137
0.081138
0.092861
0.10193
0.1059
0.10051
0.09602
0.099649
0.095231
0.095455
0.096119
0.09715
0.098267
0.099222
0.10009
0.10115
0.10266
0.10484
0.10763
0.11014
0.10921
0.10398
0.10273
0.10766
0.11708
0.13361
0.16554
0.052895
0.06209
0.079271
0.090417
0.099141
0.10301
0.097594
0.092691
0.095801
0.094936
0.095191
0.095819
0.096666
0.097454
0.098065
0.098663
0.099507
0.10085
0.10287
0.10555
0.10801
0.10718
0.10203
0.1006
0.10519
0.11427
0.13035
0.16102
0.045455
0.05764
0.07537
0.086406
0.094881
0.098675
0.09371
0.08933
0.092579
0.093393
0.093652
0.094413
0.095483
0.096464
0.097177
0.097843
0.098781
0.10024
0.10239
0.10521
0.10784
0.10723
0.10228
0.10098
0.1058
0.11537
0.13262
0.16734
0.051118
0.056076
0.074255
0.085774
0.094661
0.098903
0.094428
0.090326
0.093637
-12.544
-57.067
0.16165
0
0.97651
36.563
