0.11593
0.11603
0.11645
0.11726
0.11821
0.11902
0.11975
0.12066
0.12198
0.12374
0.12581
0.12729
0.12579
0.1222
0.1236
0.13015
0.14056
0.1594
0.21113
0.14258
0.1139
0.12015
0.13002
0.14051
0.14495
0.13259
0.11714
0.11567
0.11624
0.11629
0.11666
0.11753
0.11872
0.11979
0.12065
0.12155
0.12277
0.12447
0.12657
0.12823
0.12715
0.12403
0.12552
0.13185
0.14182
0.15976
0.20907
0.14108
0.11398
0.12009
0.1297
0.13988
0.14405
0.13206
0.11775
0.11713
0.11367
0.11381
0.11425
0.11507
0.11606
0.1169
0.11763
0.11854
0.11986
0.12169
0.12387
0.12551
0.12413
0.12044
0.12163
0.12804
0.13836
0.15694
0.20692
0.1366
0.10994
0.11674
0.12669
0.13708
0.14142
0.12933
0.11451
0.11346
0.11204
0.11209
0.11248
0.11329
0.11435
0.11529
0.11605
0.11687
0.118
0.1196
0.12159
0.12317
0.12212
0.11902
0.12031
0.12634
0.13599
0.15345
0.20137
0.13673
0.11033
0.11599
0.12511
0.13491
0.13902
0.12732
0.11294
0.11179
-10.904
-61.481
0.16647
0
0.87212
31.851
