0.065455
0.065499
0.06557
0.065542
0.065379
0.065215
0.065162
0.06527
0.065606
0.066242
0.067134
0.067787
0.066618
0.063463
0.062543
0.064556
0.068408
0.074796
0.084253
0.02848
0.042128
0.049792
0.054558
0.05812
0.058742
0.05396
0.050114
0.051425
0.06651
0.066576
0.066667
0.066593
0.066255
0.06582
0.06551
0.065465
0.065782
0.066507
0.067562
0.068394
0.067282
0.063931
0.062804
0.064708
0.068404
0.074382
0.082782
0.033226
0.045625
0.052692
0.057333
0.060921
0.061573
0.056648
0.052485
0.053435
0.067451
0.067474
0.067451
0.067295
0.067005
0.066715
0.06657
0.066697
0.067205
0.068141
0.069412
0.070443
0.069497
0.066382
0.065648
0.06803
0.072346
0.079529
0.092608
0.044494
0.049852
0.056522
0.061393
0.065288
0.066139
0.061202
0.056975
0.057784
0.065087
0.065066
0.065017
0.064946
0.064897
0.064912
0.065026
0.065332
0.065948
0.066945
0.068257
0.069348
0.068564
0.065711
0.065164
0.067661
0.072131
0.079642
0.093792
0.045086
0.049479
0.056341
0.061501
0.065761
0.067008
0.062219
0.057843
0.058662
-15.16
-53.697
0.42483
1
0.33754
2.1221
