0.10372
0.10376
0.10384
0.10383
0.10366
0.10341
0.10318
0.10312
0.10346
0.10434
0.10572
0.10684
0.10537
0.10106
0.10009
0.1035
0.1099
0.12105
0.14274
0.065829
0.071581
0.081808
0.089387
0.095556
0.096796
0.088013
0.080106
0.081792
0.10414
0.10418
0.10436
0.10446
0.10425
0.10378
0.10326
0.10295
0.10308
0.10375
0.10489
0.10581
0.1044
0.10044
0.099444
0.10232
0.10771
0.11689
0.13294
0.063366
0.073037
0.082232
0.088889
0.094214
0.094727
0.085682
0.07787
0.079367
0.10394
0.10391
0.10374
0.1034
0.103
0.10283
0.10304
0.10365
0.10466
0.10612
0.10792
0.1093
0.1079
0.10377
0.10338
0.10752
0.11471
0.12719
0.15479
0.086678
0.083199
0.09198
0.099736
0.10645
0.10804
0.098756
0.089805
0.090426
0.099623
0.099709
0.09986
0.099902
0.09976
0.099596
0.099595
0.099884
0.10059
0.10181
0.10348
0.10483
0.10347
0.099043
0.098057
0.10179
0.1089
0.12155
0.1473
0.064372
0.067638
0.07912
0.087638
0.094641
0.096714
0.08843
0.080393
0.081938
-11.961
-52.106
0.28216
0
0.97651
20.078
