0.11232
0.1126
0.11344
0.11491
0.11657
0.11776
0.11838
0.11886
0.11967
0.12102
0.12283
0.12429
0.12301
0.11928
0.11973
0.12508
0.13417
0.15091
0.19579
0.12728
0.10472
0.11171
0.1213
0.13123
0.13535
0.1235
0.10865
0.10709
0.11283
0.113
0.11354
0.11432
0.11498
0.11534
0.11557
0.11595
0.11668
0.11784
0.11933
0.12041
0.11894
0.11537
0.11576
0.12063
0.12886
0.14385
0.1829
0.11737
0.099809
0.10659
0.11527
0.12418
0.12743
0.11526
0.10058
0.099502
0.11417
0.11434
0.11489
0.1159
0.11708
0.11796
0.11858
0.11931
0.12044
0.12207
0.12404
0.12542
0.12388
0.12049
0.12214
0.12868
0.13878
0.15693
0.20765
0.14228
0.11314
0.11885
0.12854
0.13896
0.1434
0.13122
0.11606
0.11477
0.11055
0.11068
0.11117
0.11195
0.11279
0.11354
0.11437
0.11546
0.11691
0.11878
0.12096
0.12268
0.12169
0.11873
0.1204
0.12698
0.13739
0.15625
0.20831
0.14139
0.11149
0.11716
0.1268
0.13728
0.14196
0.12998
0.11479
0.1136
-10.807
-52.701
0.16463
0
0.41272
13.514
