0.10055
0.10058
0.1006
0.10056
0.10039
0.10022
0.10026
0.10072
0.1017
0.1032
0.10507
0.10647
0.10509
0.10126
0.10146
0.10617
0.11389
0.12727
0.15814
0.089552
0.082021
0.090658
0.098753
0.10592
0.10799
0.099073
0.090379
0.091375
0.096788
0.096791
0.096872
0.096917
0.096826
0.096638
0.096482
0.09652
0.096919
0.097766
0.098962
0.09979
0.098157
0.094108
0.093333
0.096508
0.10223
0.112
0.13073
0.064844
0.070229
0.079068
0.085839
0.091453
0.092522
0.084149
0.076399
0.07749
0.096354
0.096249
0.096146
0.096079
0.096095
0.096202
0.096403
0.096796
0.097535
0.098727
0.10031
0.10159
0.10056
0.097415
0.09772
0.10202
0.10917
0.12166
0.15084
0.087105
0.07953
0.087319
0.094796
0.10149
0.10335
0.09473
0.086362
0.08725
0.096496
0.096467
0.096412
0.096175
0.095721
0.095256
0.095009
0.095138
0.095746
0.096856
0.098334
0.099447
0.098108
0.094439
0.09417
0.097918
0.10436
0.11545
0.13946
0.077085
0.075241
0.083315
0.090338
0.096413
0.097735
0.088889
0.080341
0.080896
-11.932
-56.914
0.28197
0
0.71343
11.136
