0.10444
0.10474
0.10545
0.10637
0.1071
0.1075
0.10786
0.1086
0.11
0.11218
0.11504
0.11756
0.1163
0.11033
0.10854
0.11326
0.12254
0.13869
0.16875
0.054106
0.068102
0.085379
0.096522
0.10519
0.10882
0.10282
0.097353
0.10004
0.10338
0.10355
0.104
0.1045
0.10478
0.10486
0.105
0.10545
0.10643
0.10808
0.11034
0.1123
0.11086
0.10514
0.10314
0.10695
0.11472
0.12813
0.1503
0.035988
0.062164
0.078543
0.08831
0.095633
0.098281
0.092419
0.087699
0.090798
0.099642
0.099779
0.10025
0.10089
0.10151
0.10201
0.10252
0.10324
0.1044
0.10619
0.1086
0.11077
0.10969
0.10432
0.10249
0.10646
0.11458
0.12882
0.15372
0.037466
0.059815
0.076794
0.086987
0.094678
0.097703
0.092181
0.087702
0.091061
0.10233
0.10249
0.10289
0.10347
0.10406
0.10454
0.10503
0.1058
0.10709
0.10904
0.11156
0.1137
0.11239
0.1071
0.106
0.11072
0.11934
0.13387
0.15941
0.052046
0.069264
0.085095
0.095248
0.10302
0.10582
0.099678
0.094777
0.097685
-11.21
-52.712
0.1614
0
0.90605
33.883
