0.12143
0.12149
0.12196
0.1229
0.12403
0.12499
0.12579
0.12673
0.1281
0.13001
0.13236
0.13424
0.13308
0.12947
0.13081
0.13766
0.14878
0.16895
0.22277
0.14477
0.11651
0.12421
0.13506
0.14633
0.15118
0.13851
0.12287
0.12193
0.12174
0.12178
0.12219
0.12309
0.12428
0.12536
0.12626
0.12727
0.12864
0.13051
0.13277
0.13452
0.13328
0.12994
0.13175
0.13886
0.15003
0.17008
0.22428
0.14826
0.11867
0.1257
0.13631
0.14747
0.15218
0.13946
0.12413
0.12368
0.11775
0.11801
0.11878
0.11997
0.12118
0.122
0.12252
0.12305
0.12392
0.12534
0.12725
0.12886
0.12768
0.12367
0.12373
0.12895
0.13813
0.15492
0.19628
0.11469
0.09942
0.10891
0.11902
0.1288
0.13255
0.12086
0.10713
0.10688
0.11841
0.11845
0.1188
0.11944
0.12014
0.12071
0.12129
0.12216
0.12354
0.12548
0.12782
0.12955
0.12802
0.12413
0.12564
0.13277
0.14409
0.16422
0.21686
0.13879
0.11187
0.11999
0.13101
0.1424
0.14741
0.13496
0.1194
0.11851
-9.9846
-56.419
0.1666
0
0.93476
35.483
