0.046577
0.046566
0.046516
0.046442
0.046389
0.046393
0.046471
0.046667
0.047048
0.047669
0.048503
0.049193
0.048628
0.046746
0.046514
0.048355
0.051564
0.057007
0.067411
0.03046
0.033772
0.038978
0.042733
0.045661
0.046316
0.042856
0.040051
0.04088
0.046549
0.046553
0.046489
0.046292
0.046003
0.045764
0.045662
0.04574
0.04605
0.046636
0.047463
0.048179
0.047642
0.045617
0.045034
0.046471
0.049167
0.053626
0.061125
0.028825
0.033961
0.038433
0.041577
0.044023
0.044365
0.040803
0.037841
0.038338
0.045604
0.045617
0.045587
0.045441
0.045171
0.044886
0.044704
0.044703
0.044935
0.045415
0.04608
0.046558
0.045828
0.044007
0.043865
0.045561
0.048305
0.052613
0.060077
0.032107
0.03555
0.039411
0.042372
0.044784
0.045092
0.041336
0.038161
0.038634
0.044977
0.044951
0.044871
0.04471
0.044507
0.044353
0.04431
0.044429
0.044768
0.045366
0.046182
0.046876
0.046379
0.044513
0.04405
0.045505
0.048188
0.052701
0.06099
0.030603
0.033904
0.038087
0.041203
0.043714
0.044184
0.040728
0.037759
0.038264
-18.794
-51.575
0.42274
0
0.63825
6.0553
