0.111
0.11132
0.11213
0.11333
0.11444
0.11509
0.11542
0.11582
0.11657
0.11779
0.11938
0.12058
0.11925
0.11576
0.11618
0.12108
0.12935
0.14449
0.18456
0.11997
0.10106
0.10761
0.11632
0.1253
0.12871
0.11687
0.1024
0.10094
0.1103
0.11029
0.11061
0.11153
0.11294
0.11434
0.11556
0.11679
0.11824
0.12001
0.12204
0.12356
0.12248
0.11973
0.12163
0.12823
0.13849
0.1571
0.20863
0.14023
0.11088
0.11703
0.127
0.13766
0.14243
0.13071
0.11595
0.11499
0.11026
0.11045
0.11108
0.11228
0.11373
0.1149
0.11576
0.11669
0.118
0.11983
0.12209
0.12392
0.12293
0.11962
0.12093
0.12739
0.13791
0.15729
0.21078
0.13977
0.10887
0.11525
0.12546
0.13635
0.14136
0.12976
0.11474
0.11342
0.11008
0.11014
0.11053
0.11141
0.11263
0.11376
0.11467
0.11557
0.11669
0.1182
0.12003
0.12141
0.12021
0.11735
0.1191
0.12539
0.13513
0.15272
0.20222
0.13902
0.11012
0.11534
0.12455
0.13453
0.13877
0.12704
0.1126
0.11156
-10.937
-52.203
0.16953
0
0.97651
36.913
