0.079541
0.0799
0.080948
0.082565
0.084215
0.08549
0.086581
0.087853
0.089542
0.091782
0.094569
0.097337
0.09816
0.097038
0.099559
0.10699
0.11938
0.14278
0.20407
0.11456
0.074242
0.084986
0.098659
0.11228
0.12038
0.11274
0.10115
0.10281
0.084988
0.085153
0.085866
0.087045
0.088281
0.089256
0.090122
0.091185
0.092652
0.09463
0.097068
0.099309
0.099383
0.097625
0.099787
0.10662
0.11766
0.13789
0.18985
0.10927
0.080444
0.090454
0.10259
0.11474
0.1215
0.11312
0.10143
0.10258
0.089176
0.089329
0.089903
0.090811
0.091753
0.092534
0.093309
0.094335
0.095791
0.097769
0.10021
0.10247
0.10244
0.10028
0.10194
0.10841
0.11915
0.139
0.19123
0.1165
0.086916
0.095283
0.10646
0.11801
0.12448
0.11611
0.10413
0.10424
0.091111
0.091282
0.091859
0.092709
0.093524
0.094161
0.094799
0.095697
0.097039
0.098924
0.10129
0.10347
0.10335
0.101
0.10235
0.10845
0.11867
0.13754
0.18715
0.11638
0.089517
0.097363
0.10785
0.11873
0.12453
0.11557
0.10315
0.10278
-12.666
-61.199
0.050444
0
0.83298
37.317
