0.11538
0.11539
0.1153
0.11502
0.11463
0.11432
0.11423
0.11446
0.11518
0.11651
0.11833
0.11968
0.11766
0.11209
0.11073
0.11465
0.12172
0.13306
0.14976
0.060028
0.080989
0.093807
0.10216
0.10853
0.10976
0.10154
0.094726
0.096273
0.11718
0.11715
0.11711
0.11686
0.11632
0.11568
0.11513
0.11481
0.11493
0.11562
0.11681
0.11758
0.1152
0.10931
0.1071
0.10963
0.11474
0.12269
0.12995
0.04921
0.077139
0.088139
0.094689
0.099344
0.099257
0.090945
0.084734
0.086479
0.11523
0.11522
0.11514
0.11499
0.11482
0.11455
0.11423
0.1142
0.11488
0.11645
0.11878
0.1209
0.11986
0.11515
0.11434
0.11887
0.12692
0.14042
0.16597
0.076618
0.083557
0.095497
0.10433
0.11159
0.11383
0.10634
0.099916
0.10192
0.1137
0.1137
0.11345
0.1129
0.11225
0.11186
0.11182
0.11218
0.11299
0.11432
0.11606
0.11725
0.11507
0.10951
0.10821
0.11197
0.11857
0.12888
0.14339
0.063917
0.082975
0.094468
0.10213
0.10797
0.10876
0.1003
0.093318
0.094426
-10.215
-49.41
0.2057
0
0.95824
30.398
