0.11414
0.11424
0.11439
0.11431
0.11378
0.11299
0.11228
0.11197
0.11229
0.11334
0.11493
0.11606
0.11383
0.10795
0.10607
0.1094
0.11588
0.1266
0.14243
0.050751
0.073317
0.086266
0.094468
0.10062
0.10164
0.093121
0.086074
0.088081
0.11556
0.11548
0.11519
0.11464
0.11399
0.11355
0.11343
0.11365
0.1143
0.11549
0.11711
0.11828
0.11628
0.11106
0.10986
0.11349
0.11984
0.12986
0.14488
0.069242
0.084671
0.095284
0.10265
0.10838
0.10905
0.10038
0.09331
0.094527
0.11162
0.1116
0.11151
0.11118
0.11059
0.10995
0.10945
0.10921
0.10938
0.11006
0.11115
0.11184
0.10967
0.10443
0.10265
0.10527
0.11045
0.1188
0.12806
0.04244
0.070179
0.081576
0.088269
0.09297
0.092879
0.084508
0.078418
0.08079
0.11314
0.11335
0.11361
0.11372
0.11352
0.11305
0.11254
0.1123
0.11261
0.11363
0.11521
0.11646
0.11453
0.10894
0.10696
0.10985
0.11558
0.12491
0.13859
0.064234
0.080778
0.091248
0.098272
0.10355
0.10381
0.094947
0.08758
0.08834
-10.716
-50.811
0.20703
0
0.41272
10.429
