0.064903
0.06493
0.064933
0.064931
0.064965
0.065075
0.065321
0.065804
0.066626
0.067836
0.069336
0.070472
0.069323
0.065879
0.065371
0.068457
0.073835
0.08288
0.099918
0.037869
0.044132
0.053333
0.05964
0.064565
0.066213
0.061751
0.057864
0.059264
0.066043
0.066021
0.065986
0.065929
0.065843
0.065753
0.065741
0.065938
0.066453
0.067333
0.068499
0.069402
0.068445
0.065684
0.065448
0.068173
0.072753
0.080319
0.09435
0.042797
0.048109
0.055391
0.060699
0.064951
0.066149
0.061638
0.057876
0.059083
0.062804
0.062843
0.062894
0.062854
0.0627
0.062536
0.062449
0.062511
0.062822
0.063454
0.064346
0.064962
0.063664
0.060293
0.059217
0.061117
0.064784
0.07073
0.078844
0.026289
0.040893
0.048301
0.052939
0.056469
0.057214
0.052737
0.0491
0.05047
0.064606
0.064566
0.064537
0.064491
0.064393
0.064263
0.064199
0.064327
0.064745
0.065502
0.066529
0.067332
0.066458
0.063961
0.063758
0.066231
0.070362
0.077108
0.089176
0.042583
0.048362
0.054895
0.059657
0.063449
0.064331
0.059845
0.056201
0.05726
-16.019
-59.193
0.43884
0
0.93476
10.526
