0.1153
0.11524
0.11508
0.1147
0.11413
0.11361
0.11331
0.11337
0.11395
0.11513
0.1168
0.11805
0.11616
0.11091
0.10955
0.1131
0.1196
0.13012
0.14579
0.061554
0.080271
0.09205
0.099802
0.10569
0.10654
0.098245
0.091518
0.093007
0.11747
0.11731
0.11694
0.11638
0.11582
0.11545
0.11536
0.11564
0.11644
0.11785
0.11975
0.12115
0.11921
0.11401
0.11314
0.1173
0.12428
0.13524
0.15253
0.073096
0.087444
0.098609
0.10652
0.11276
0.11392
0.10573
0.099187
0.10088
0.11531
0.11525
0.115
0.11447
0.11382
0.11331
0.11313
0.11336
0.11415
0.11557
0.11746
0.11881
0.11671
0.11122
0.11011
0.1141
0.12088
0.13137
0.14686
0.070844
0.08668
0.097529
0.10509
0.11102
0.11187
0.10327
0.09628
0.09767
0.11501
0.1149
0.11461
0.11415
0.11364
0.11326
0.11313
0.1134
0.11423
0.11569
0.11765
0.1192
0.11759
0.11268
0.11177
0.11578
0.12275
0.13408
0.15353
0.073827
0.08537
0.096473
0.10444
0.11074
0.11203
0.10405
0.097467
0.098911
-10.877
-49.011
0.2069
0
0.90605
27.865
