0.11491
0.11499
0.1154
0.11631
0.11754
0.11866
0.11958
0.12054
0.12182
0.12354
0.1256
0.12708
0.12566
0.12236
0.12409
0.13078
0.14114
0.15982
0.21238
0.14656
0.11556
0.12092
0.13068
0.14135
0.14602
0.13367
0.1182
0.117
0.1113
0.11139
0.11188
0.11281
0.11395
0.11489
0.11553
0.11608
0.11681
0.11791
0.11936
0.12044
0.11915
0.11602
0.11682
0.12189
0.1302
0.14526
0.18556
0.12298
0.10334
0.10954
0.11824
0.12739
0.13093
0.11899
0.1044
0.10307
0.11492
0.11484
0.11496
0.11554
0.11654
0.11758
0.11849
0.11945
0.12068
0.12232
0.12426
0.12569
0.12445
0.12153
0.12327
0.12955
0.1392
0.15655
0.20558
0.1429
0.11459
0.11983
0.1291
0.13914
0.14321
0.13094
0.11611
0.11509
0.10864
0.10863
0.10901
0.1099
0.1111
0.11219
0.11304
0.11382
0.11478
0.1161
0.1177
0.11888
0.11766
0.11478
0.11603
0.1215
0.13012
0.14555
0.18803
0.13042
0.10791
0.11324
0.12187
0.13133
0.13544
0.12406
0.10966
0.10817
-10.489
-53.255
0.16614
0
0.14208
2.478
