0.11597
0.11601
0.116
0.11577
0.11529
0.11476
0.11439
0.11436
0.11487
0.11602
0.11768
0.11891
0.11683
0.11114
0.10934
0.11262
0.11886
0.12897
0.14313
0.057954
0.079299
0.091329
0.099115
0.10498
0.10576
0.097202
0.090124
0.091508
0.11717
0.11701
0.11663
0.11601
0.11531
0.11482
0.11466
0.1149
0.11566
0.117
0.11879
0.12006
0.11813
0.11325
0.11272
0.11702
0.12404
0.13496
0.15248
0.075695
0.088579
0.099294
0.10704
0.11323
0.11429
0.10583
0.099042
0.10069
0.11235
0.11229
0.11215
0.1118
0.11127
0.11079
0.11043
0.11027
0.11047
0.11116
0.11229
0.11307
0.11106
0.10598
0.10425
0.10688
0.11208
0.12049
0.13001
0.044798
0.071581
0.0829
0.089596
0.094297
0.094158
0.085747
0.079717
0.082096
0.11391
0.11396
0.11393
0.11384
0.11374
0.11372
0.11383
0.11419
0.11499
0.11639
0.11829
0.11983
0.11818
0.11296
0.11158
0.11526
0.12205
0.13325
0.15216
0.071188
0.083931
0.095136
0.10298
0.10912
0.11033
0.1023
0.095484
0.096561
-10.338
-53.318
0.20709
0
0.51797
13.632
