0.092782
0.093023
0.093698
0.094652
0.095567
0.096271
0.096918
0.097782
0.099127
0.10114
0.10378
0.10617
0.10521
0.09989
0.098289
0.10273
0.1116
0.12723
0.15631
0.0397
0.055504
0.073365
0.084133
0.092238
0.09581
0.091237
0.087492
0.090875
0.091978
0.092219
0.092913
0.093951
0.094987
0.095804
0.096607
0.097741
0.099455
0.10189
0.105
0.10792
0.10753
0.10272
0.10161
0.10673
0.11665
0.13443
0.17063
0.05461
0.056952
0.075167
0.086968
0.096139
0.1006
0.09634
0.092599
0.096198
0.08924
0.089459
0.090246
0.091415
0.092533
0.093315
0.093877
0.094534
0.095628
0.097422
0.099948
0.10243
0.10194
0.097129
0.09549
0.099663
0.10842
0.12442
0.15606
0.041035
0.04881
0.066615
0.077305
0.085401
0.089227
0.08528
0.082166
0.086204
0.087234
0.087456
0.088363
0.089786
0.091199
0.092165
0.092782
0.093444
0.094557
0.096395
0.098987
0.10159
0.10138
0.09703
0.095762
0.10023
0.10941
0.12632
0.16126
0.04744
0.047682
0.065484
0.076492
0.08493
0.089126
0.085595
0.082859
0.087143
-13.339
-58.088
0.16024
0
0.33754
12.484
