0.092898
0.093109
0.093923
0.095182
0.096422
0.097264
0.097793
0.098379
0.099431
0.10124
0.10382
0.10639
0.10596
0.10123
0.099745
0.1041
0.11303
0.12914
0.15997
0.038301
0.051553
0.069987
0.080749
0.088714
0.092273
0.088311
0.085685
0.090049
0.092884
0.093142
0.093787
0.094704
0.095606
0.096352
0.097171
0.098378
0.10018
0.10271
0.10588
0.10881
0.10827
0.10315
0.1019
0.10704
0.11706
0.13495
0.17091
0.052105
0.056351
0.075144
0.08707
0.096221
0.1006
0.096384
0.092865
0.09663
0.094488
0.094471
0.095025
0.096067
0.097138
0.097868
0.098446
0.099238
0.10048
0.10228
0.10454
0.10642
0.10514
0.10027
0.099131
0.10314
0.11049
0.12271
0.14251
0.043335
0.065163
0.079618
0.088569
0.095258
0.097673
0.093071
0.090122
0.093352
0.089376
0.089607
0.090343
0.091575
0.092963
0.094144
0.095216
0.096518
0.098333
0.10083
0.10396
0.10676
0.106
0.10083
0.099956
0.1056
0.11614
0.13488
0.1733
0.051572
0.051665
0.071625
0.084186
0.093751
0.098367
0.094259
0.091077
0.095553
-13.182
-55.622
0.15998
0
0.41272
14.359
