0.11964
0.11967
0.11936
0.11858
0.11754
0.11675
0.11653
0.11694
0.11802
0.11975
0.12198
0.12371
0.12192
0.11638
0.11513
0.11936
0.12691
0.1393
0.1605
0.074199
0.087322
0.099576
0.10819
0.11493
0.11625
0.1074
0.099853
0.10115
0.11703
0.11707
0.11698
0.11662
0.11603
0.11545
0.11507
0.11507
0.11564
0.11692
0.11877
0.12028
0.11854
0.11307
0.11142
0.11498
0.12176
0.13292
0.1495
0.057024
0.078678
0.091575
0.099757
0.10584
0.10679
0.098585
0.092
0.09363
0.11667
0.1168
0.11682
0.11637
0.11531
0.1142
0.11369
0.11403
0.11518
0.11702
0.11936
0.1213
0.11992
0.11451
0.11274
0.11633
0.12346
0.13584
0.1582
0.067762
0.080547
0.093497
0.10241
0.10936
0.11121
0.10343
0.096477
0.097644
0.11666
0.11669
0.11648
0.11585
0.1149
0.11405
0.1136
0.11366
0.11435
0.11573
0.11766
0.11918
0.11739
0.11187
0.11019
0.11362
0.12005
0.13048
0.1462
0.065491
0.082653
0.094003
0.10161
0.10741
0.1082
0.099838
0.092995
0.094262
-10.358
-50.861
0.20815
0
0.93476
27.006
