0.10122
0.10134
0.10183
0.10282
0.1042
0.10562
0.10697
0.10839
0.11014
0.11249
0.1155
0.11835
0.1179
0.11306
0.11204
0.11725
0.12726
0.1451
0.18077
0.060692
0.066436
0.084366
0.096074
0.10513
0.10904
0.10358
0.099057
0.10257
0.10219
0.10243
0.10306
0.10384
0.10439
0.1046
0.10479
0.10535
0.10656
0.10854
0.1112
0.11353
0.11229
0.10664
0.10505
0.10965
0.11858
0.13404
0.16201
0.048282
0.065252
0.082401
0.093276
0.10174
0.10536
0.099676
0.094511
0.097371
0.098083
0.098237
0.098765
0.099485
0.10015
0.10072
0.10138
0.10235
0.10381
0.10593
0.10866
0.11113
0.11027
0.10522
0.10411
0.10903
0.11832
0.1344
0.16433
0.050442
0.063902
0.081193
0.092407
0.10137
0.10563
0.10047
0.0955
0.098613
0.095948
0.096209
0.096925
0.097706
0.098003
0.097803
0.097684
0.098219
0.099671
0.10202
0.10502
0.10763
0.10667
0.1013
0.099924
0.10481
0.11438
0.1315
0.16542
0.049506
0.056349
0.074579
0.086137
0.095075
0.099087
0.093666
0.088837
0.092616
-12.402
-50.542
0.16125
0
0.14208
3.1971
