0.10168
0.10161
0.10168
0.10184
0.10197
0.10197
0.10188
0.1019
0.10226
0.10309
0.10433
0.1053
0.10399
0.10045
0.10007
0.10343
0.10918
0.11885
0.13875
0.081202
0.082116
0.089456
0.0959
0.10152
0.1024
0.09336
0.085089
0.08585
0.1008
0.10083
0.10085
0.10079
0.10062
0.10048
0.10054
0.10095
0.10181
0.10316
0.1049
0.10624
0.1049
0.10095
0.10063
0.10467
0.11163
0.12357
0.14972
0.084435
0.081637
0.090151
0.097771
0.10449
0.10624
0.097212
0.088347
0.088947
0.10091
0.10081
0.1005
0.10012
0.09998
0.10017
0.10052
0.10101
0.10181
0.10302
0.10455
0.1055
0.10351
0.099334
0.099556
0.1041
0.11112
0.12246
0.14677
0.087932
0.085384
0.092924
0.099905
0.106
0.10687
0.096859
0.087812
0.088768
0.099917
0.099883
0.099784
0.099626
0.099457
0.099372
0.099497
0.099974
0.10091
0.10233
0.10411
0.10547
0.10418
0.1005
0.10061
0.10498
0.11221
0.12467
0.15294
0.08624
0.080918
0.089436
0.097225
0.10404
0.10588
0.097244
0.089045
0.090052
-11.748
-60.53
0.28039
0
0.98956
21.202
