0.10258
0.1025
0.1023
0.10212
0.1022
0.10257
0.10314
0.10394
0.10506
0.1066
0.10845
0.10976
0.1081
0.10391
0.10392
0.10844
0.11571
0.12784
0.15402
0.087879
0.085857
0.094824
0.10287
0.10991
0.11166
0.1022
0.093092
0.093855
0.10174
0.10176
0.10181
0.10178
0.10164
0.10149
0.10146
0.10171
0.10244
0.10374
0.10555
0.10716
0.10627
0.10249
0.10193
0.10581
0.11295
0.12571
0.15403
0.080989
0.077303
0.086586
0.094519
0.10139
0.10332
0.094557
0.085905
0.086782
0.10272
0.10266
0.10267
0.10267
0.10258
0.10236
0.10212
0.10211
0.10252
0.10346
0.1048
0.10583
0.10448
0.10076
0.10028
0.10368
0.10959
0.11968
0.14097
0.080828
0.080661
0.088086
0.094493
0.099897
0.10043
0.091202
0.083086
0.083856
0.098554
0.098623
0.098879
0.099157
0.099249
0.099155
0.099069
0.099216
0.099784
0.10087
0.10242
0.10372
0.10259
0.098712
0.097886
0.10122
0.10745
0.11843
0.1413
0.072193
0.073444
0.082453
0.089714
0.095833
0.0972
0.088658
0.080675
0.081785
-11.756
-52.131
0.28252
0
0.83298
15.196
