0.10085
0.10118
0.10185
0.10271
0.10346
0.10401
0.10468
0.10584
0.10771
0.11032
0.11348
0.11597
0.11408
0.10742
0.10609
0.11188
0.12233
0.14004
0.1729
0.048551
0.064004
0.083753
0.09618
0.10562
0.10948
0.10312
0.097691
0.10128
0.10076
0.10092
0.1014
0.1022
0.10309
0.10384
0.10457
0.10557
0.1071
0.1093
0.11207
0.11444
0.11316
0.10773
0.10673
0.11192
0.12139
0.13761
0.16769
0.047763
0.063306
0.081608
0.093107
0.10186
0.1056
0.10049
0.096461
0.10005
0.097679
0.097969
0.098623
0.099484
0.10027
0.10088
0.10154
0.10254
0.10413
0.10644
0.10939
0.11203
0.11105
0.10541
0.10378
0.10856
0.11798
0.13456
0.16623
0.051009
0.062259
0.079906
0.091135
0.099803
0.10356
0.098084
0.093138
0.096078
0.094081
0.094286
0.094997
0.096112
0.097288
0.098245
0.099083
0.1001
0.10158
0.10373
0.10653
0.10912
0.10844
0.10354
0.10238
0.10724
0.1166
0.13303
0.16472
0.051941
0.061227
0.078382
0.089516
0.098313
0.10245
0.097574
0.09309
0.096317
-12.263
-63.177
0.1612
0
0.33754
10.127
