0.11996
0.1198
0.11936
0.11858
0.11764
0.11687
0.11653
0.11676
0.11763
0.11911
0.12099
0.12222
0.11998
0.11467
0.11404
0.11842
0.12548
0.1364
0.15364
0.075144
0.089398
0.10068
0.10877
0.11511
0.11614
0.10754
0.1007
0.10233
0.11575
0.1157
0.11554
0.1151
0.11441
0.11371
0.11324
0.11318
0.11368
0.11482
0.11647
0.11772
0.11582
0.11045
0.10879
0.11198
0.11805
0.12792
0.14237
0.062478
0.080437
0.091592
0.099043
0.10476
0.10545
0.096815
0.08967
0.091039
0.11299
0.113
0.11297
0.11269
0.11209
0.11142
0.11091
0.11074
0.11107
0.11202
0.11347
0.11456
0.11262
0.10717
0.10519
0.10796
0.11359
0.12286
0.13488
0.04861
0.073104
0.08495
0.09223
0.097565
0.098058
0.089807
0.083291
0.085207
0.11528
0.11514
0.11475
0.11419
0.11366
0.11332
0.11327
0.11358
0.11442
0.11583
0.11768
0.11899
0.11703
0.11207
0.11152
0.11586
0.123
0.13428
0.15271
0.070914
0.085124
0.096929
0.1053
0.11189
0.11326
0.10508
0.098446
0.10014
-10.343
-52.536
0.20663
0
0.78861
22.402
