0.098104
0.098368
0.099231
0.10067
0.10227
0.10361
0.10481
0.1062
0.10803
0.11042
0.11333
0.11599
0.11602
0.11394
0.11674
0.12529
0.13915
0.16473
0.22944
0.12283
0.085572
0.099963
0.1158
0.13092
0.13903
0.12864
0.11451
0.11652
0.10512
0.10526
0.10597
0.10733
0.10893
0.11021
0.11119
0.11219
0.11347
0.11519
0.1173
0.119
0.11818
0.11591
0.11854
0.12604
0.1376
0.1583
0.2098
0.1168
0.093993
0.10657
0.11986
0.13228
0.1375
0.12525
0.1111
0.11273
0.10525
0.10545
0.10641
0.10789
0.10923
0.10996
0.1103
0.11073
0.11174
0.11362
0.11639
0.11937
0.12024
0.11841
0.12
0.12682
0.1386
0.16085
0.22031
0.13655
0.10216
0.11051
0.12223
0.13444
0.14095
0.13124
0.11839
0.11923
0.112
0.11206
0.11245
0.1131
0.11374
0.11422
0.11476
0.11568
0.11716
0.11926
0.12187
0.12407
0.12332
0.12015
0.12187
0.12909
0.14077
0.16186
0.21381
0.11583
0.093446
0.10659
0.11998
0.13242
0.13801
0.12701
0.1141
0.11577
-9.4142
-49.656
0.051247
1
0.88632
33.789
