0.070172
0.070407
0.071513
0.073379
0.075412
0.077147
0.078781
0.080696
0.083116
0.08615
0.089769
0.093314
0.094667
0.09405
0.097906
0.10761
0.12345
0.15342
0.23453
0.14403
0.081935
0.08986
0.10553
0.12282
0.13517
0.12935
0.11608
0.11688
0.086337
0.086525
0.087198
0.088307
0.089493
0.090442
0.091274
0.092288
0.093704
0.095633
0.098035
0.10029
0.10046
0.098807
0.10095
0.10777
0.11899
0.13984
0.19357
0.10851
0.077716
0.088474
0.10113
0.11354
0.1203
0.11175
0.099976
0.10121
0.090561
0.091087
0.092257
0.093778
0.095023
0.095684
0.096093
0.09673
0.097918
0.099803
0.10232
0.10476
0.10484
0.10245
0.10389
0.11045
0.1216
0.14251
0.1974
0.11558
0.083107
0.092256
0.10394
0.11561
0.12173
0.1128
0.10084
0.10155
0.090696
0.090881
0.091515
0.092437
0.093275
0.093857
0.094412
0.095263
0.096614
0.098553
0.101
0.10329
0.10332
0.10118
0.10289
0.10945
0.12035
0.14059
0.19439
0.12096
0.089769
0.097561
0.10854
0.12
0.12626
0.11728
0.1047
0.10464
-10.991
-52.249
0.050208
0
0.18719
7.5709
