0.11592
0.11598
0.11589
0.11549
0.11481
0.1142
0.11391
0.11407
0.1148
0.11616
0.11798
0.11929
0.11714
0.11131
0.10963
0.11326
0.12001
0.1309
0.14616
0.055312
0.078845
0.091814
0.10004
0.1062
0.10729
0.099145
0.092417
0.093885
0.11659
0.11658
0.11634
0.11579
0.1151
0.11458
0.1144
0.11465
0.11544
0.11686
0.11877
0.12018
0.11808
0.11225
0.11065
0.11434
0.12104
0.1317
0.14759
0.066768
0.084239
0.095758
0.10352
0.10948
0.11045
0.1022
0.095293
0.096353
0.11595
0.11592
0.11575
0.11532
0.11471
0.11416
0.11386
0.11396
0.11463
0.11593
0.11774
0.11916
0.11743
0.1122
0.11074
0.11423
0.12068
0.13112
0.14709
0.06688
0.083338
0.094583
0.10218
0.10801
0.10888
0.10072
0.094059
0.095291
0.11495
0.11492
0.11469
0.1142
0.1136
0.11314
0.11298
0.11326
0.11411
0.1156
0.11759
0.1191
0.11723
0.11188
0.11076
0.11481
0.12189
0.13324
0.15116
0.066276
0.082686
0.094712
0.10286
0.10916
0.11047
0.10271
0.096384
0.097895
-10.904
-51.081
0.20527
0
0.63825
17.077
