0.096212
0.096487
0.09723
0.098244
0.099158
0.099794
0.10032
0.10104
0.10225
0.10417
0.10679
0.10923
0.10833
0.10277
0.10069
0.10477
0.1135
0.12932
0.15937
0.037657
0.052817
0.071318
0.082203
0.090308
0.093855
0.089274
0.085699
0.089592
0.096783
0.097035
0.097715
0.098674
0.099563
0.1002
0.1008
0.10168
0.1031
0.10524
0.10805
0.11063
0.10985
0.10465
0.10318
0.1078
0.11693
0.13309
0.164
0.050093
0.061613
0.07898
0.089983
0.098454
0.10216
0.096955
0.092314
0.095272
0.097336
0.097531
0.098089
0.098934
0.099789
0.10047
0.10118
0.10223
0.10388
0.10623
0.10919
0.11172
0.11052
0.10497
0.10391
0.10926
0.1191
0.13607
0.16852
0.050186
0.061219
0.07954
0.091161
0.10005
0.10388
0.098616
0.09433
0.097981
0.093264
0.093526
0.094276
0.095344
0.096333
0.097045
0.097722
0.098718
0.10028
0.10252
0.10537
0.10789
0.10691
0.10153
0.10016
0.10503
0.11446
0.13107
0.16312
0.049225
0.059294
0.077095
0.088424
0.097205
0.10124
0.096283
0.091722
0.094822
-12.529
-58.769
0.16198
0
0.87212
34.643
