0.10516
0.10537
0.10589
0.10665
0.10741
0.10799
0.10862
0.10964
0.11128
0.11366
0.11665
0.11921
0.11789
0.11207
0.11088
0.11625
0.12618
0.14332
0.17587
0.054762
0.067166
0.085585
0.097365
0.10633
0.10992
0.10393
0.099117
0.10266
0.099576
0.099733
0.10032
0.10118
0.10211
0.1029
0.10358
0.10429
0.10534
0.10703
0.10939
0.1116
0.11063
0.10536
0.10364
0.10785
0.11647
0.13177
0.15985
0.038399
0.056754
0.074678
0.08546
0.09369
0.097312
0.092446
0.088587
0.092552
0.09915
0.099316
0.09989
0.10073
0.10153
0.10216
0.10282
0.10379
0.10531
0.10754
0.11041
0.11296
0.11195
0.10656
0.1054
0.11059
0.12039
0.13744
0.17002
0.05328
0.064202
0.082215
0.093878
0.10304
0.10728
0.10196
0.097004
0.10019
0.097235
0.097236
0.097615
0.098235
0.098834
0.09933
0.099921
0.10086
0.10235
0.10448
0.10718
0.10958
0.10879
0.10402
0.10298
0.1077
0.11671
0.13243
0.16174
0.049577
0.063133
0.080019
0.090782
0.099192
0.10288
0.097537
0.092907
0.096356
-11.793
-56.913
0.16264
0
0.95824
37.842
