0.11621
0.11626
0.11611
0.11564
0.11496
0.11441
0.1142
0.11446
0.11532
0.11687
0.11897
0.12067
0.11899
0.11355
0.11216
0.11616
0.12356
0.13586
0.15696
0.067897
0.081743
0.094249
0.10284
0.10955
0.11105
0.1028
0.095753
0.097145
0.11717
0.11707
0.11675
0.11624
0.11571
0.11532
0.11516
0.11536
0.1161
0.11742
0.1192
0.12042
0.11832
0.11317
0.11243
0.11658
0.12338
0.13382
0.14897
0.069207
0.086813
0.098332
0.10625
0.11237
0.11341
0.10537
0.099038
0.1006
0.1148
0.11469
0.11438
0.11393
0.1135
0.11322
0.11314
0.11341
0.11422
0.11567
0.11763
0.11912
0.11731
0.11221
0.11136
0.1155
0.12248
0.13353
0.15157
0.071513
0.085011
0.096294
0.10431
0.1106
0.11183
0.10387
0.097587
0.09936
0.11086
0.11089
0.11077
0.11032
0.1096
0.1089
0.10841
0.10829
0.10871
0.10978
0.11138
0.11263
0.11076
0.10529
0.10332
0.10612
0.11167
0.12054
0.1312
0.048869
0.073405
0.084818
0.091927
0.097214
0.097829
0.089987
0.083713
0.085257
-11.128
-52.052
0.20439
0
0.56308
14.272
