0.10159
0.10178
0.10231
0.10301
0.10358
0.10397
0.10437
0.10505
0.10626
0.10813
0.11061
0.11275
0.11138
0.10565
0.10382
0.10796
0.11623
0.13052
0.15524
0.041171
0.063316
0.080128
0.090362
0.098074
0.10102
0.095328
0.090629
0.093593
0.098288
0.098512
0.099193
0.10027
0.10146
0.10247
0.10336
0.10444
0.10602
0.10831
0.11127
0.11394
0.113
0.10761
0.10649
0.11182
0.12179
0.13909
0.17227
0.055393
0.065037
0.08282
0.094397
0.10351
0.10768
0.10234
0.09749
0.10076
0.099416
0.099604
0.10021
0.10111
0.10201
0.10271
0.10337
0.1043
0.10574
0.10787
0.11064
0.11312
0.11216
0.10689
0.10557
0.11038
0.11967
0.13596
0.167
0.052747
0.064204
0.081445
0.09248
0.101
0.10464
0.09926
0.094646
0.097761
0.097109
0.09741
0.098032
0.098764
0.09934
0.099787
0.1004
0.10145
0.10307
0.10536
0.10821
0.11066
0.10936
0.10337
0.10148
0.10606
0.11526
0.13146
0.16194
0.045857
0.060091
0.078204
0.089526
0.098211
0.10202
0.09657
0.091475
0.094285
-12.448
-60.408
0.16009
0
0.56308
20.901
