0.084549
0.084873
0.085855
0.087378
0.08893
0.090134
0.091201
0.092493
0.094214
0.096455
0.099155
0.10162
0.10182
0.10026
0.1031
0.11109
0.12396
0.14768
0.20815
0.11334
0.076648
0.089278
0.10397
0.11837
0.12675
0.11822
0.10552
0.10721
0.092266
0.092436
0.093089
0.094181
0.095316
0.096167
0.096924
0.097934
0.099378
0.1013
0.1036
0.10552
0.10504
0.10303
0.10557
0.1129
0.12439
0.14516
0.19703
0.10642
0.080174
0.092531
0.10578
0.11839
0.1247
0.11478
0.10197
0.10334
0.10039
0.10042
0.10077
0.10147
0.10228
0.10291
0.10347
0.10425
0.10544
0.1071
0.10909
0.11059
0.10944
0.10649
0.10812
0.11434
0.12393
0.14056
0.18064
0.10335
0.089031
0.099539
0.11064
0.12134
0.12624
0.11643
0.10473
0.10577
0.098771
0.098876
0.099318
0.099966
0.10058
0.10109
0.10166
0.10253
0.10385
0.1057
0.10801
0.11006
0.1096
0.10679
0.10798
0.11409
0.12424
0.14271
0.1905
0.11832
0.09449
0.10282
0.11345
0.1244
0.13006
0.12065
0.10801
0.10769
-10.706
-58.06
0.050312
1
0.90605
29.311
