0.10065
0.10063
0.10064
0.10057
0.10035
0.1001
0.099901
0.099892
0.10024
0.10105
0.10224
0.10302
0.10122
0.097013
0.096298
0.099586
0.10528
0.11467
0.13209
0.069439
0.075236
0.083672
0.090371
0.096019
0.096901
0.087819
0.079444
0.08036
0.10188
0.10179
0.10169
0.10163
0.10163
0.10167
0.10184
0.10227
0.10311
0.10443
0.10609
0.10735
0.10603
0.10254
0.1029
0.10746
0.11482
0.12748
0.15659
0.091122
0.084563
0.092656
0.10032
0.10709
0.10875
0.099675
0.091237
0.092402
0.099217
0.099184
0.099183
0.099114
0.0989
0.098638
0.098518
0.098718
0.099361
0.10049
0.10199
0.10313
0.10174
0.097872
0.097342
0.10083
0.10691
0.11731
0.1392
0.079268
0.079581
0.0877
0.094781
0.10098
0.10242
0.093451
0.08451
0.084689
0.1004
0.10034
0.10021
0.10004
0.099902
0.09983
0.099906
0.10029
0.10111
0.10245
0.10418
0.10549
0.10415
0.10049
0.10066
0.10506
0.11217
0.12423
0.15082
0.084142
0.080867
0.089627
0.097455
0.10424
0.10596
0.097206
0.089048
0.090151
-11.758
-66.61
0.28052
0
0.95824
21.196
