0.095257
0.095633
0.096364
0.097362
0.098361
0.09921
0.10012
0.10144
0.10343
0.10625
0.1099
0.11347
0.11349
0.10838
0.107
0.11259
0.12387
0.14474
0.19011
0.064483
0.053749
0.074068
0.087261
0.097287
0.10214
0.09797
0.094706
0.099201
0.093444
0.093574
0.094195
0.095196
0.096227
0.097018
0.097691
0.09855
0.099881
0.10187
0.10449
0.10686
0.10597
0.10088
0.099438
0.10383
0.11241
0.12736
0.15435
0.040544
0.058628
0.075721
0.086103
0.093931
0.09729
0.092758
0.08925
0.092617
0.093313
0.093422
0.093967
0.095002
0.096285
0.097409
0.0983
0.099229
0.10057
0.1026
0.10531
0.10771
0.10662
0.10138
0.10031
0.10525
0.11432
0.12972
0.15759
0.044263
0.060547
0.077525
0.088029
0.095984
0.099225
0.094207
0.090533
0.094235
0.091955
0.092117
0.092773
0.093827
0.094922
0.095768
0.096493
0.097421
0.098849
0.10098
0.1038
0.10646
0.10594
0.10115
0.09989
0.10449
0.11347
0.12929
0.15951
0.04777
0.05873
0.075596
0.086115
0.0941
0.097611
0.093282
0.090054
0.093679
-12.539
-57.771
0.16181
0
0.93476
33.38
