0.10292
0.10303
0.10354
0.10447
0.10558
0.10651
0.10722
0.10788
0.10876
0.11
0.11155
0.11269
0.1114
0.10808
0.10856
0.11324
0.12096
0.13476
0.17111
0.11381
0.096907
0.10276
0.11081
0.11929
0.12264
0.11175
0.098421
0.097269
0.10348
0.10374
0.10443
0.10556
0.10676
0.10764
0.10829
0.10907
0.11023
0.11187
0.11384
0.11532
0.11415
0.11111
0.11261
0.11879
0.12854
0.14624
0.1955
0.13327
0.10457
0.10984
0.11898
0.12892
0.1334
0.12216
0.10763
0.10603
0.097947
0.09816
0.098927
0.10044
0.10231
0.10375
0.10451
0.10496
0.10555
0.10657
0.10799
0.10915
0.10809
0.10501
0.10535
0.10977
0.1174
0.13149
0.16843
0.1064
0.089455
0.096158
0.10466
0.11344
0.11731
0.10742
0.094848
0.093885
0.099206
0.099381
0.099979
0.10104
0.10228
0.10332
0.10414
0.10498
0.10608
0.10757
0.10938
0.1108
0.10977
0.10676
0.10765
0.11288
0.12141
0.13699
0.17983
0.12178
0.098378
0.1037
0.11216
0.12131
0.12543
0.11501
0.10153
0.099988
-12.079
-51.305
0.16674
0
0.44279
15.918
