0.1177
0.11771
0.11752
0.117
0.11624
0.11554
0.11515
0.11524
0.11593
0.11731
0.11918
0.12051
0.11834
0.1126
0.1112
0.11503
0.12175
0.13225
0.14757
0.06812
0.085804
0.097324
0.10523
0.11136
0.1123
0.10362
0.096301
0.097302
0.1145
0.11449
0.11433
0.11382
0.113
0.1122
0.11167
0.11159
0.11207
0.11318
0.11475
0.11587
0.11386
0.10869
0.10743
0.11085
0.11689
0.12635
0.13993
0.068456
0.084216
0.094363
0.10137
0.1068
0.10724
0.098306
0.090893
0.091935
0.11573
0.11549
0.11505
0.11459
0.11432
0.11426
0.11431
0.11459
0.11529
0.1166
0.1185
0.12027
0.11948
0.11558
0.11479
0.11836
0.12484
0.13581
0.15573
0.075733
0.085371
0.096071
0.10374
0.10969
0.11077
0.10343
0.097891
0.099637
0.11216
0.11213
0.11196
0.11154
0.11095
0.11046
0.11022
0.11032
0.11092
0.11214
0.11385
0.11515
0.11333
0.10822
0.10693
0.11038
0.11651
0.12613
0.14001
0.066977
0.082782
0.093004
0.10008
0.10564
0.10633
0.097862
0.090852
0.092018
-10.468
-51.781
0.20458
0
0.51797
14.141
