0.088863
0.089222
0.090353
0.092019
0.09364
0.094901
0.096058
0.097484
0.099439
0.1021
0.10551
0.10917
0.11101
0.11049
0.11347
0.12201
0.13666
0.16514
0.24386
0.15317
0.096894
0.10416
0.11801
0.13303
0.14228
0.1334
0.11924
0.11991
0.093295
0.093507
0.094376
0.095702
0.096989
0.097984
0.098928
0.10015
0.10187
0.1042
0.10714
0.11013
0.11112
0.10989
0.11226
0.11983
0.13272
0.15741
0.22468
0.14064
0.097499
0.10564
0.11839
0.13188
0.13971
0.1304
0.11653
0.11666
0.099604
0.099876
0.10058
0.10149
0.10229
0.1029
0.10354
0.10449
0.10596
0.1081
0.11087
0.11352
0.11357
0.11077
0.11196
0.11862
0.13005
0.15115
0.20572
0.12345
0.094133
0.10353
0.11546
0.1277
0.13438
0.12499
0.11188
0.11195
0.10302
0.10315
0.10363
0.10435
0.10503
0.10556
0.10614
0.10705
0.10847
0.11049
0.11303
0.11533
0.11511
0.11254
0.11413
0.12087
0.13206
0.15275
0.20747
0.12866
0.098632
0.10723
0.11872
0.13049
0.13647
0.12631
0.1129
0.11292
-10.315
-61.627
0.053524
0
0.21726
11.042
