0.11375
0.11375
0.11364
0.1132
0.11241
0.11163
0.11117
0.1112
0.11181
0.11303
0.11472
0.11594
0.11397
0.10865
0.10721
0.11061
0.1168
0.1266
0.14003
0.060457
0.080323
0.091609
0.099047
0.10474
0.1055
0.097124
0.09027
0.091751
0.11284
0.11281
0.11266
0.11223
0.11159
0.11098
0.11057
0.11047
0.11085
0.11183
0.1133
0.11439
0.11246
0.10716
0.10539
0.10827
0.11382
0.12264
0.13316
0.052703
0.076575
0.087859
0.094923
0.10013
0.10058
0.092569
0.086233
0.087665
0.11196
0.11201
0.11199
0.11174
0.11125
0.11071
0.11032
0.11025
0.1107
0.1118
0.11344
0.11471
0.11287
0.1075
0.10575
0.10881
0.11469
0.12417
0.1374
0.058308
0.0777
0.088795
0.096043
0.10152
0.10219
0.094096
0.087451
0.088636
0.1124
0.11234
0.1121
0.11163
0.11102
0.11051
0.11027
0.11042
0.11113
0.11246
0.11427
0.11564
0.11385
0.10877
0.10764
0.11137
0.11797
0.12858
0.14536
0.066989
0.081794
0.092871
0.10049
0.10635
0.10725
0.099157
0.092629
0.09402
-10.882
-51.397
0.20857
1
0.18719
2.6601
