0.11815
0.11811
0.11847
0.1195
0.12093
0.12215
0.12301
0.12381
0.12488
0.1264
0.12831
0.1298
0.12885
0.12648
0.1287
0.13535
0.14544
0.1637
0.21575
0.15003
0.11914
0.12425
0.13378
0.14415
0.14834
0.13565
0.12054
0.11993
0.11342
0.11367
0.11435
0.11541
0.11651
0.11733
0.11793
0.11862
0.11964
0.12114
0.12303
0.12453
0.12334
0.11984
0.12056
0.12615
0.13549
0.15259
0.19798
0.12721
0.10452
0.11174
0.12156
0.13182
0.13632
0.12467
0.10988
0.10863
0.11557
0.11571
0.11624
0.11722
0.11841
0.1194
0.12017
0.12102
0.12225
0.12403
0.12632
0.12836
0.1279
0.1252
0.12668
0.13315
0.14386
0.16393
0.22049
0.14889
0.11479
0.12029
0.13019
0.14094
0.14569
0.13341
0.11795
0.11679
0.11394
0.11398
0.11441
0.11529
0.11639
0.1173
0.11798
0.1187
0.11972
0.12119
0.123
0.12438
0.12327
0.12051
0.12215
0.12827
0.13787
0.15544
0.20591
0.14612
0.11613
0.12065
0.12961
0.13963
0.14388
0.13146
0.11581
0.11404
-10.441
-59.803
0.16544
0
0.26236
5.6489
