0.049178
0.049175
0.049182
0.049169
0.049106
0.04902
0.049019
0.049231
0.049737
0.050558
0.051644
0.05263
0.052332
0.050535
0.05038
0.052533
0.056398
0.063276
0.078572
0.039613
0.037093
0.042108
0.0463
0.049885
0.051143
0.04758
0.044182
0.044906
0.047905
0.047897
0.047797
0.047543
0.047212
0.046975
0.046898
0.046994
0.047313
0.047898
0.048701
0.049316
0.048488
0.046027
0.045249
0.046768
0.04974
0.054761
0.063121
0.023883
0.031066
0.036553
0.040168
0.042954
0.043506
0.039789
0.036651
0.037586
0.042705
0.042788
0.042759
0.042557
0.042294
0.042215
0.042467
0.043118
0.044228
0.045833
0.047894
0.049982
0.050534
0.048959
0.049473
0.053629
0.061237
0.075658
0.11189
0.056803
0.028954
0.035972
0.043659
0.050804
0.055536
0.053708
0.050075
0.051564
0.046774
0.046761
0.046745
0.046777
0.046833
0.046815
0.046732
0.046723
0.046921
0.047367
0.047966
0.048283
0.047279
0.045346
0.045348
0.047087
0.049595
0.053144
0.057687
0.030774
0.037222
0.041233
0.044134
0.046361
0.046433
0.042792
0.040102
0.040722
-17.801
-50.73
0.41724
0
0.56308
5.9681
