0.097182
0.097183
0.0973
0.097507
0.097716
0.097852
0.097985
0.098322
0.099077
0.10035
0.10206
0.10347
0.10239
0.09885
0.098748
0.10287
0.10993
0.12218
0.14943
0.082864
0.07862
0.087071
0.094694
0.10145
0.10333
0.09457
0.085899
0.086588
0.097589
0.09751
0.097604
0.09788
0.098211
0.098397
0.098431
0.098546
0.099034
0.10006
0.10156
0.10283
0.10184
0.098668
0.098779
0.10277
0.10941
0.12087
0.14698
0.08693
0.0814
0.088456
0.095206
0.10123
0.10246
0.093493
0.085217
0.086172
0.095494
0.095507
0.095555
0.095605
0.095638
0.095676
0.095804
0.096174
0.09695
0.098215
0.099883
0.10124
0.10016
0.096611
0.096391
0.10027
0.10694
0.11851
0.14467
0.083856
0.078951
0.086534
0.09368
0.10012
0.10184
0.093058
0.084298
0.084785
0.093828
0.093851
0.093912
0.093887
0.093725
0.093546
0.0935
0.093707
0.094277
0.095272
0.096593
0.097535
0.096
0.091967
0.091133
0.094227
0.099827
0.10939
0.12817
0.066007
0.06983
0.078202
0.08491
0.090613
0.091802
0.083326
0.075158
0.07587
-12.439
-57.914
0.27968
0
0.33754
3.3205
