0.096664
0.096918
0.097632
0.098603
0.099467
0.10007
0.10058
0.10131
0.10252
0.10441
0.10694
0.10921
0.10806
0.10246
0.10067
0.10506
0.11399
0.12984
0.15925
0.037156
0.054827
0.07344
0.084497
0.092809
0.096437
0.091497
0.087371
0.09099
0.096305
0.096558
0.09731
0.09838
0.099378
0.1001
0.10073
0.10159
0.10293
0.10494
0.10758
0.11001
0.10912
0.10387
0.10233
0.10686
0.11596
0.13219
0.16315
0.04378
0.057164
0.075576
0.086929
0.095666
0.099806
0.095277
0.091152
0.094459
0.094556
0.094763
0.095472
0.096504
0.097475
0.09815
0.098658
0.099292
0.10036
0.1021
0.1045
0.10673
0.10585
0.10082
0.099279
0.10348
0.11194
0.12689
0.15439
0.038465
0.055465
0.072759
0.083234
0.091253
0.094837
0.090147
0.086247
0.089852
0.095446
0.095645
0.096265
0.097253
0.098322
0.099211
0.10003
0.10108
0.10266
0.10493
0.10787
0.11055
0.1098
0.10474
0.10369
0.10882
0.11849
0.13541
0.16839
0.053387
0.061571
0.079137
0.090428
0.099113
0.10288
0.097759
0.093602
0.097191
-12.438
-62.884
0.16316
0
0.4879
19.552
