0.11913
0.1192
0.11956
0.12034
0.12138
0.12231
0.12311
0.12408
0.12543
0.12727
0.12946
0.13111
0.12984
0.12652
0.12812
0.13479
0.14532
0.16452
0.21834
0.14851
0.11738
0.12342
0.1336
0.14452
0.14925
0.13685
0.12147
0.12041
0.11577
0.11592
0.11654
0.11756
0.11861
0.11936
0.11987
0.12044
0.12134
0.12273
0.12452
0.126
0.12494
0.12162
0.12224
0.12751
0.13641
0.15287
0.19783
0.13198
0.10862
0.11481
0.12389
0.13347
0.1373
0.12531
0.11062
0.1093
0.11501
0.11513
0.11567
0.11662
0.11768
0.11848
0.11904
0.11968
0.12068
0.12219
0.12414
0.12576
0.12478
0.12149
0.1223
0.12787
0.13715
0.15413
0.20026
0.13341
0.10916
0.11539
0.12466
0.1345
0.13859
0.1267
0.11196
0.11057
0.1132
0.11334
0.11392
0.11495
0.11612
0.11703
0.11772
0.1185
0.11966
0.12134
0.12344
0.12518
0.12429
0.12121
0.12235
0.12829
0.13806
0.15612
0.20655
0.14015
0.1113
0.11692
0.12638
0.13665
0.14127
0.12967
0.11489
0.11351
-10.918
-57.383
0.16714
0
0.26236
6.523
