0.10307
0.10303
0.10295
0.10284
0.10276
0.10277
0.10294
0.1034
0.10429
0.10567
0.10746
0.10889
0.10769
0.10403
0.10419
0.10878
0.1164
0.12951
0.15885
0.088773
0.08373
0.092585
0.10052
0.1074
0.10912
0.10008
0.091662
0.092872
0.10267
0.10256
0.10238
0.10216
0.102
0.10197
0.10213
0.10261
0.10355
0.10498
0.10677
0.10809
0.10662
0.10269
0.10274
0.10722
0.11454
0.127
0.15457
0.086906
0.08317
0.092023
0.09996
0.10684
0.10857
0.0996
0.091228
0.092311
0.099678
0.099598
0.099621
0.099606
0.099418
0.099093
0.098775
0.098639
0.098866
0.099566
0.10067
0.10154
0.10019
0.096407
0.095438
0.098098
0.10305
0.11138
0.12574
0.063813
0.072682
0.080979
0.087113
0.092034
0.0924
0.083815
0.076458
0.077653
0.10087
0.10082
0.10068
0.10052
0.10039
0.10035
0.10049
0.10097
0.10191
0.10337
0.10524
0.10673
0.1056
0.10196
0.102
0.10632
0.11351
0.12584
0.153
0.083795
0.080772
0.089934
0.097949
0.10482
0.10662
0.098029
0.090068
0.091238
-11.595
-63.023
0.28185
0
0.99739
24.147
