0.094403
0.0945
0.094685
0.0949
0.094984
0.094861
0.09472
0.09489
0.095616
0.096978
0.098852
0.10047
0.099563
0.095922
0.095598
0.099566
0.10654
0.11898
0.14902
0.088198
0.078454
0.08565
0.092925
0.099536
0.10144
0.092917
0.084338
0.084801
0.091018
0.091089
0.091244
0.091344
0.09131
0.09122
0.091158
0.091192
0.091452
0.092072
0.093048
0.093828
0.092564
0.089047
0.088206
0.0909
0.096005
0.10495
0.12245
0.06025
0.06463
0.072627
0.078746
0.083781
0.08445
0.076094
0.068486
0.069614
0.090452
0.090191
0.089809
0.089371
0.089084
0.089105
0.08942
0.090045
0.091076
0.092602
0.09456
0.096255
0.095459
0.091968
0.091819
0.096099
0.10364
0.11707
0.14862
0.082053
0.072483
0.080964
0.089173
0.096797
0.099962
0.092435
0.084013
0.084711
0.089966
0.089966
0.090023
0.090165
0.090364
0.090519
0.090604
0.090775
0.091254
0.092181
0.093483
0.094482
0.093234
0.089907
0.089796
0.093387
0.099459
0.11005
0.13501
0.081455
0.074894
0.081253
0.087607
0.09339
0.094814
0.086594
0.078451
0.07874
-12.757
-52.248
0.28091
0
0.78861
15.749
