0.11324
0.11345
0.11414
0.11524
0.11636
0.11715
0.11768
0.11825
0.11919
0.12066
0.12258
0.12417
0.12305
0.11942
0.11985
0.12516
0.13416
0.15048
0.19219
0.11989
0.10176
0.10966
0.11922
0.12891
0.13293
0.12173
0.10811
0.10742
0.11442
0.11452
0.11507
0.11624
0.11769
0.11882
0.11961
0.12044
0.12166
0.12341
0.1256
0.12736
0.12638
0.12332
0.12488
0.13132
0.14147
0.15969
0.20836
0.13387
0.10842
0.11583
0.12606
0.13651
0.14088
0.12945
0.11609
0.11624
0.11022
0.1104
0.11096
0.11188
0.11292
0.11377
0.11447
0.11528
0.11643
0.11806
0.12005
0.12157
0.12021
0.11641
0.11707
0.12273
0.13209
0.14882
0.19152
0.11983
0.10089
0.10891
0.11871
0.12862
0.13277
0.1215
0.10765
0.10671
0.11036
0.11043
0.11097
0.11215
0.11362
0.11481
0.11565
0.11647
0.1176
0.1192
0.12121
0.12284
0.12193
0.11912
0.12067
0.12686
0.13661
0.15418
0.20204
0.13477
0.10888
0.11513
0.1246
0.13455
0.13871
0.12731
0.11368
0.11324
-10.997
-56.465
0.16597
0
0.26236
5.6052
