0.10302
0.10289
0.10286
0.10291
0.10296
0.10292
0.10289
0.10306
0.10362
0.10465
0.10607
0.10718
0.106
0.10282
0.10307
0.1071
0.11364
0.12475
0.14965
0.08974
0.085979
0.09335
0.10028
0.10639
0.1075
0.098225
0.089769
0.090625
0.10143
0.10151
0.10157
0.1015
0.10127
0.10104
0.10101
0.10133
0.10211
0.10342
0.10515
0.10653
0.10524
0.10122
0.10077
0.1048
0.11193
0.1244
0.15146
0.080119
0.077926
0.087306
0.095271
0.10212
0.10395
0.095043
0.086328
0.087116
0.10067
0.10068
0.10064
0.10054
0.10039
0.10029
0.10032
0.10063
0.10137
0.10265
0.1044
0.10586
0.10475
0.10097
0.10063
0.10459
0.11146
0.12328
0.14913
0.084156
0.081349
0.089655
0.097064
0.10355
0.10505
0.095833
0.08693
0.087508
0.09889
0.098926
0.098984
0.098883
0.098557
0.098178
0.09792
0.097901
0.098254
0.099076
0.10028
0.10115
0.099531
0.095316
0.094307
0.097358
0.10309
0.11305
0.13193
0.061588
0.068268
0.077632
0.084488
0.089992
0.090745
0.081871
0.073904
0.075304
-11.99
-60.617
0.28021
0
0.97651
17.241
