0.066098
0.06607
0.066025
0.065887
0.06565
0.065442
0.065412
0.065675
0.066306
0.067319
0.0686
0.069555
0.068474
0.065396
0.064998
0.067834
0.072736
0.08085
0.095523
0.0411
0.047749
0.055662
0.061312
0.065918
0.06742
0.062641
0.058164
0.059131
0.067285
0.067235
0.067119
0.066922
0.066707
0.066587
0.066647
0.066969
0.067626
0.068656
0.069981
0.071044
0.070169
0.067295
0.066909
0.069601
0.074238
0.081921
0.096259
0.045461
0.050148
0.057154
0.062336
0.066549
0.067718
0.063026
0.059001
0.060075
0.06569
0.065659
0.065574
0.065286
0.064797
0.064356
0.06418
0.064348
0.064887
0.065801
0.066999
0.067937
0.067023
0.064277
0.064001
0.066673
0.071154
0.078352
0.090751
0.042111
0.048892
0.055786
0.060792
0.064872
0.065914
0.060978
0.056674
0.057676
0.063917
0.063857
0.063815
0.063838
0.063924
0.064043
0.064261
0.064713
0.065497
0.066653
0.068103
0.069296
0.068538
0.065732
0.065427
0.0683
0.073284
0.081712
0.09795
0.042339
0.046729
0.054756
0.060606
0.065371
0.067077
0.062806
0.059023
0.060463
-14.854
-56.454
0.42571
0
0.56308
4.0678
