0.063962
0.063944
0.063914
0.063885
0.063913
0.064035
0.064251
0.064612
0.065227
0.066195
0.067485
0.068576
0.0678
0.064952
0.064428
0.066967
0.071492
0.07909
0.093409
0.043269
0.047727
0.054722
0.059891
0.064096
0.065291
0.06066
0.056648
0.057729
0.063632
0.063652
0.063647
0.063524
0.063267
0.062994
0.062833
0.062874
0.063208
0.063887
0.064848
0.065597
0.064616
0.061739
0.060933
0.062791
0.06619
0.071568
0.078948
0.035395
0.045941
0.052032
0.056072
0.05915
0.059458
0.054686
0.050804
0.051485
0.062095
0.062119
0.062169
0.062221
0.062217
0.062136
0.062082
0.062235
0.062733
0.063618
0.064783
0.065658
0.064633
0.061782
0.061489
0.064204
0.068822
0.076521
0.09119
0.040874
0.045074
0.052301
0.05762
0.061935
0.06329
0.058877
0.054924
0.055946
0.059847
0.059824
0.059775
0.059658
0.059518
0.059472
0.059571
0.05983
0.060297
0.061022
0.061962
0.06265
0.061661
0.058986
0.058515
0.060731
0.064636
0.071092
0.082269
0.035734
0.042743
0.049332
0.053935
0.057573
0.058451
0.0541
0.050413
0.051373
-16.08
-56.079
0.43546
1
0.33754
2.6061
