0.097284
0.097495
0.098142
0.0991
0.10005
0.10078
0.10142
0.10223
0.10351
0.10547
0.1081
0.11055
0.10971
0.10438
0.10254
0.10666
0.11512
0.13007
0.15716
0.040317
0.059327
0.076725
0.087243
0.095203
0.098683
0.094051
0.090219
0.093432
0.096221
0.096431
0.097069
0.098042
0.099048
0.099876
0.10066
0.10168
0.10319
0.10535
0.10812
0.11057
0.10959
0.10438
0.10322
0.10819
0.11761
0.13399
0.16504
0.050184
0.062117
0.079632
0.090743
0.099303
0.10307
0.098008
0.093687
0.096923
0.093298
0.093543
0.09429
0.095372
0.096409
0.097169
0.097807
0.09863
0.099919
0.10187
0.10445
0.10681
0.10588
0.1006
0.09898
0.10337
0.11221
0.12789
0.15725
0.039732
0.055246
0.073329
0.084308
0.092681
0.096548
0.092049
0.088128
0.091517
0.092565
0.092801
0.093513
0.094533
0.095517
0.096277
0.096959
0.097845
0.099217
0.10128
0.104
0.10652
0.10573
0.10048
0.098853
0.10327
0.11215
0.12785
0.15747
0.042963
0.056222
0.073752
0.08465
0.093105
0.097071
0.092492
0.088385
0.091702
-12.7
-60.195
0.16107
0
0.98956
36.113
