0.065805
0.065848
0.065905
0.065915
0.065853
0.065782
0.065806
0.066036
0.066577
0.067485
0.068676
0.069567
0.068463
0.065385
0.064933
0.067624
0.072237
0.079714
0.092484
0.040234
0.048253
0.055769
0.061077
0.065367
0.066644
0.062
0.057836
0.058762
0.064735
0.064845
0.064978
0.064976
0.064757
0.064462
0.064277
0.064332
0.064736
0.065551
0.066715
0.067687
0.066717
0.063344
0.062078
0.06398
0.067965
0.074881
0.086363
0.028321
0.040093
0.048233
0.053351
0.057207
0.058167
0.053761
0.050069
0.051352
0.063662
0.063756
0.063894
0.063929
0.063771
0.063524
0.063346
0.063367
0.063703
0.064426
0.06548
0.066354
0.065401
0.062251
0.061178
0.063116
0.067012
0.073608
0.083833
0.027623
0.040677
0.048521
0.053429
0.057165
0.058094
0.053705
0.050007
0.051317
0.064137
0.064204
0.064262
0.064199
0.063973
0.063735
0.063687
0.063961
0.064621
0.065675
0.067035
0.068154
0.067306
0.064188
0.063356
0.065715
0.070171
0.077759
0.091477
0.038252
0.045353
0.05306
0.058404
0.062632
0.063868
0.059268
0.055038
0.055801
-15.608
-65.201
0.4274
0
0.56308
5.4773
