0.099603
0.099701
0.10025
0.10135
0.10283
0.10425
0.1054
0.10646
0.10778
0.10967
0.11222
0.11472
0.11426
0.10945
0.10772
0.11171
0.1202
0.13574
0.1652
0.042977
0.058708
0.076654
0.087352
0.095284
0.098493
0.093451
0.08965
0.093388
0.10233
0.1025
0.10306
0.104
0.10509
0.10607
0.107
0.10817
0.10984
0.11218
0.11513
0.11771
0.11664
0.11127
0.11038
0.11596
0.1262
0.14406
0.17911
0.058361
0.066109
0.084592
0.096687
0.10608
0.11021
0.10469
0.10004
0.10371
0.098604
0.098835
0.099604
0.10092
0.10245
0.10381
0.10494
0.10611
0.10765
0.10981
0.11263
0.11526
0.11454
0.10934
0.10786
0.11255
0.12186
0.13838
0.17003
0.053186
0.064636
0.082236
0.093506
0.10228
0.10621
0.10094
0.096177
0.099236
0.10297
0.10339
0.10422
0.10524
0.10609
0.10669
0.10732
0.10828
0.10976
0.11192
0.11471
0.11726
0.11639
0.11114
0.10965
0.11408
0.12265
0.13741
0.16398
0.053193
0.069108
0.084889
0.094776
0.10212
0.10439
0.098013
0.093315
0.09623
-11.811
-51.757
0.16032
0
0.18719
5.5396
