0.079433
0.079859
0.081133
0.083087
0.085137
0.086856
0.088415
0.090171
0.0924
0.095298
0.098899
0.1026
0.10423
0.10361
0.10703
0.11623
0.13156
0.1607
0.23922
0.14566
0.089227
0.09804
0.11312
0.12921
0.13951
0.13131
0.1173
0.11855
0.08537
0.085708
0.086724
0.088179
0.089588
0.090796
0.092117
0.093862
0.096183
0.099189
0.1029
0.10673
0.10838
0.10734
0.11013
0.11888
0.13395
0.16302
0.24191
0.14707
0.090247
0.099005
0.11389
0.12965
0.13964
0.13151
0.11782
0.11887
0.090709
0.090993
0.091989
0.093404
0.094671
0.09559
0.096474
0.097672
0.09941
0.10185
0.10504
0.10849
0.1102
0.10955
0.11214
0.12
0.13359
0.15998
0.23233
0.14428
0.094811
0.10255
0.11564
0.12958
0.13798
0.12941
0.11628
0.11709
0.095783
0.095959
0.096542
0.097455
0.098389
0.099179
0.10004
0.10125
0.10292
0.1051
0.1077
0.10996
0.10963
0.10722
0.10937
0.11678
0.12879
0.1508
0.20606
0.11075
0.08191
0.094898
0.10879
0.12197
0.12879
0.1191
0.10634
0.10781
-10.671
-54.421
0.050755
0
0.78861
35.577
