0.11715
0.11716
0.11701
0.11648
0.1156
0.1147
0.114
0.11359
0.11366
0.11433
0.11551
0.11635
0.11422
0.10878
0.10677
0.10928
0.11431
0.12222
0.12979
0.047821
0.075506
0.08646
0.092889
0.097287
0.096658
0.087539
0.08092
0.082786
0.11555
0.11543
0.11513
0.11451
0.11368
0.113
0.11264
0.11266
0.11319
0.11429
0.11586
0.11698
0.11498
0.10969
0.10818
0.11135
0.11714
0.12623
0.13847
0.064443
0.082346
0.092704
0.099732
0.10518
0.10571
0.097025
0.089918
0.091234
0.11499
0.11507
0.11503
0.11471
0.11411
0.11347
0.11302
0.1129
0.11329
0.11428
0.11576
0.11685
0.1148
0.1092
0.10715
0.10984
0.11525
0.12393
0.13418
0.0541
0.077763
0.08882
0.095634
0.10051
0.10046
0.091748
0.084908
0.086133
0.11369
0.11374
0.11368
0.1133
0.11256
0.11177
0.11114
0.11085
0.11106
0.11189
0.1132
0.11412
0.11197
0.10638
0.10425
0.1067
0.11166
0.11941
0.12684
0.049595
0.075396
0.085924
0.092252
0.096707
0.096352
0.087674
0.081152
0.082717
-10.504
-52.731
0.20589
0
0.99739
25.685
