0.10251
0.1025
0.1024
0.10211
0.10172
0.10144
0.10139
0.10166
0.10235
0.10353
0.10507
0.10618
0.10451
0.10013
0.099393
0.10297
0.10922
0.11976
0.14078
0.075867
0.078847
0.087623
0.094815
0.10092
0.10208
0.092747
0.083725
0.084062
0.10369
0.10358
0.10348
0.10345
0.1035
0.10356
0.10361
0.10384
0.10446
0.1056
0.1072
0.10855
0.1076
0.10454
0.10494
0.10929
0.11638
0.12871
0.15838
0.097933
0.088725
0.095489
0.10253
0.10895
0.11038
0.10109
0.092442
0.093411
0.099615
0.099681
0.099888
0.1001
0.10017
0.10009
0.10006
0.10029
0.10098
0.10223
0.10395
0.10546
0.10455
0.10095
0.10052
0.10441
0.11148
0.12417
0.15288
0.082193
0.077155
0.086092
0.094025
0.10104
0.10318
0.094522
0.08577
0.086564
0.097752
0.097803
0.097913
0.097933
0.097783
0.09755
0.09735
0.097313
0.09762
0.098405
0.099608
0.10054
0.099092
0.095116
0.094255
0.09738
0.10316
0.1131
0.13194
0.063104
0.069307
0.07845
0.085318
0.090981
0.091952
0.083144
0.075085
0.076531
-11.836
-57.13
0.28449
0
0.93476
19.609
