0.12529
0.12542
0.12594
0.12692
0.12807
0.12901
0.12978
0.13072
0.1321
0.13405
0.13648
0.13854
0.13774
0.13439
0.1356
0.14224
0.15335
0.17426
0.23322
0.1574
0.12272
0.12895
0.1395
0.15074
0.1555
0.1424
0.12616
0.12481
0.12408
0.12425
0.12478
0.12576
0.12693
0.12791
0.12872
0.12965
0.13099
0.13291
0.13531
0.13732
0.13639
0.13303
0.13451
0.14145
0.15278
0.17364
0.23127
0.1541
0.12116
0.12786
0.13857
0.14989
0.15464
0.14145
0.12532
0.12434
0.12129
0.12144
0.12205
0.12307
0.12417
0.125
0.12561
0.12631
0.12739
0.129
0.13105
0.13269
0.13144
0.12765
0.12834
0.13422
0.14404
0.16193
0.20916
0.13535
0.11255
0.12017
0.13026
0.14059
0.14462
0.13183
0.11642
0.11529
0.12192
0.12198
0.12236
0.12319
0.1243
0.1253
0.12616
0.12716
0.12857
0.13053
0.1329
0.13475
0.13347
0.12983
0.13134
0.13833
0.14947
0.16966
0.22447
0.14729
0.11704
0.1243
0.13517
0.14654
0.15141
0.13874
0.12326
0.12255
-10.093
-63.709
0.16808
0
0.41272
12.461
