0.091475
0.091854
0.092959
0.094608
0.096282
0.097699
0.099137
0.10096
0.10336
0.10646
0.11026
0.11405
0.11545
0.1143
0.11766
0.12737
0.14366
0.17466
0.25747
0.15152
0.092205
0.10316
0.11995
0.1374
0.14842
0.13961
0.12475
0.12622
0.098742
0.098993
0.099866
0.10122
0.10262
0.1038
0.10496
0.10644
0.10846
0.11117
0.11457
0.11799
0.11904
0.11748
0.12011
0.12874
0.14337
0.17125
0.24626
0.14857
0.098432
0.10808
0.12269
0.13786
0.14665
0.13675
0.12224
0.12338
0.10446
0.10461
0.10531
0.10643
0.10751
0.10826
0.10895
0.10995
0.11151
0.11373
0.11655
0.11923
0.11956
0.11775
0.1202
0.12796
0.14064
0.16413
0.22465
0.12761
0.093915
0.10562
0.11945
0.13297
0.13994
0.12978
0.11688
0.11894
0.11049
0.11051
0.11095
0.11179
0.11269
0.11332
0.11381
0.11453
0.11574
0.11756
0.11991
0.12202
0.12172
0.11955
0.12178
0.12893
0.14027
0.16082
0.21253
0.12028
0.096547
0.10834
0.12119
0.13337
0.13873
0.12732
0.11414
0.11588
-10.093
-51.451
0.052512
0
0.56308
30.592
