0.11864
0.11878
0.11915
0.11993
0.12104
0.12214
0.12314
0.12425
0.12572
0.12768
0.12996
0.13159
0.12998
0.12621
0.12798
0.13529
0.14671
0.16724
0.22312
0.14786
0.11646
0.12344
0.13429
0.14579
0.15086
0.13794
0.12155
0.12019
0.11543
0.11563
0.11631
0.1174
0.11855
0.11936
0.11984
0.12032
0.12111
0.1224
0.12415
0.12559
0.12444
0.12092
0.12145
0.1268
0.13583
0.15224
0.19463
0.1225
0.10318
0.11071
0.12023
0.13003
0.13405
0.12224
0.10775
0.1069
0.11607
0.11616
0.11664
0.11762
0.11885
0.1199
0.12071
0.12156
0.12274
0.1244
0.12646
0.12808
0.12695
0.12379
0.12531
0.13179
0.14207
0.16072
0.21274
0.14673
0.11688
0.12231
0.13187
0.14228
0.14669
0.13409
0.11844
0.11709
0.1133
0.11348
0.11402
0.11493
0.11594
0.11678
0.11748
0.11833
0.11956
0.12128
0.12338
0.12501
0.12371
0.11997
0.12076
0.12665
0.13635
0.15389
0.20056
0.13121
0.10768
0.11479
0.12471
0.13513
0.13971
0.12785
0.11265
0.11102
-10.545
-57.181
0.16692
0
0.4879
17.354
