0.065833
0.065849
0.06582
0.065648
0.065343
0.065096
0.065072
0.065334
0.06591
0.066806
0.067928
0.068719
0.067528
0.064361
0.063724
0.066168
0.070518
0.077721
0.090365
0.040443
0.047604
0.054798
0.059886
0.063944
0.064992
0.060192
0.055917
0.056735
0.063937
0.06395
0.064008
0.063996
0.063851
0.063641
0.06347
0.063447
0.063697
0.064295
0.065175
0.065812
0.064613
0.061393
0.060321
0.062064
0.065471
0.071016
0.07839
0.027777
0.041851
0.048877
0.053259
0.05653
0.057016
0.052424
0.048765
0.049922
0.065069
0.065027
0.064914
0.064733
0.06453
0.064371
0.064321
0.064467
0.064897
0.06566
0.066682
0.06744
0.066453
0.063845
0.063615
0.066042
0.070009
0.076294
0.086479
0.04013
0.048399
0.05506
0.059749
0.063408
0.064151
0.059642
0.056031
0.05698
0.062828
0.062882
0.062963
0.062942
0.062746
0.0625
0.062389
0.062541
0.063027
0.063876
0.065012
0.06594
0.065141
0.062495
0.062082
0.064569
0.069029
0.076668
0.091244
0.039681
0.044289
0.051553
0.056755
0.060935
0.062214
0.057809
0.05382
0.054755
-16.178
-59.632
0.43398
0
0.90605
13.695
