0.11652
0.11666
0.11679
0.11668
0.11619
0.11555
0.11512
0.11514
0.11578
0.11712
0.11901
0.1205
0.11863
0.11299
0.11129
0.11485
0.12158
0.13259
0.14965
0.064655
0.082091
0.09408
0.10217
0.10848
0.10966
0.10104
0.093592
0.094851
0.11925
0.11918
0.11888
0.11814
0.11707
0.11616
0.11579
0.11608
0.11704
0.11863
0.12065
0.12206
0.1199
0.1145
0.11388
0.11853
0.12613
0.13804
0.15788
0.075359
0.088137
0.099852
0.10833
0.11509
0.11641
0.10761
0.1004
0.10216
0.11613
0.11613
0.11599
0.11556
0.11485
0.11416
0.11363
0.11338
0.11357
0.11432
0.11554
0.11637
0.11426
0.10903
0.10738
0.11011
0.11519
0.12293
0.13116
0.062297
0.082469
0.092027
0.098244
0.10286
0.10265
0.093768
0.086815
0.087982
0.11231
0.11227
0.11219
0.11194
0.11153
0.11114
0.11097
0.11116
0.11187
0.11317
0.11492
0.11616
0.11411
0.10875
0.10755
0.11135
0.11804
0.12859
0.14371
0.061095
0.080817
0.092858
0.10096
0.10729
0.10859
0.10033
0.093269
0.094674
-11.633
-51.505
0.20561
0
0.90605
24.659
