0.10257
0.10254
0.10243
0.10222
0.10197
0.10182
0.10188
0.10226
0.10308
0.1044
0.10611
0.10743
0.10609
0.1023
0.10227
0.10661
0.11389
0.12642
0.1546
0.088667
0.083627
0.091924
0.099563
0.10632
0.10805
0.098964
0.090187
0.090935
0.099099
0.099179
0.099289
0.099281
0.099104
0.09891
0.09887
0.099106
0.099747
0.10088
0.10243
0.10365
0.10225
0.098112
0.097419
0.10114
0.1079
0.11974
0.14391
0.068746
0.071271
0.081464
0.089312
0.095799
0.097371
0.088679
0.080334
0.081353
0.098198
0.098209
0.09834
0.098474
0.098482
0.098356
0.0982
0.098188
0.098525
0.099339
0.10056
0.10153
0.10016
0.096385
0.095701
0.098912
0.10471
0.11464
0.13342
0.064662
0.070971
0.080189
0.087132
0.092794
0.09374
0.085198
0.077616
0.078994
0.097391
0.097378
0.097495
0.097613
0.097597
0.097456
0.09731
0.097326
0.097686
0.098506
0.099717
0.10064
0.099229
0.095439
0.094778
0.097994
0.10377
0.11367
0.13308
0.068188
0.072264
0.08084
0.087579
0.093204
0.094225
0.08574
0.078
0.079135
-11.846
-62.985
0.28385
0
0.41272
4.8473
