0.095907
0.09611
0.096723
0.097553
0.098308
0.09887
0.099366
0.10004
0.10119
0.10302
0.10552
0.10778
0.10666
0.10107
0.099204
0.10346
0.11216
0.12756
0.15594
0.036301
0.054138
0.072274
0.083125
0.091361
0.09509
0.090557
0.086824
0.090484
0.094917
0.09519
0.095917
0.096933
0.097861
0.098501
0.099077
0.099938
0.10135
0.10347
0.10622
0.10869
0.10771
0.10229
0.10064
0.10507
0.11389
0.12936
0.15784
0.043396
0.059738
0.077244
0.08806
0.096298
0.099824
0.094653
0.090133
0.093084
0.092395
0.09259
0.09324
0.094131
0.094929
0.095527
0.096095
0.096858
0.098041
0.099831
0.10222
0.10435
0.10329
0.098186
0.096772
0.1011
0.10957
0.12433
0.15102
0.037079
0.055239
0.07231
0.082634
0.090535
0.094075
0.089505
0.085747
0.089331
0.090047
0.090242
0.090952
0.092039
0.093146
0.094018
0.094748
0.095596
0.096848
0.098737
0.1013
0.10377
0.10327
0.098476
0.096816
0.10089
0.10947
0.12512
0.15566
0.039645
0.050338
0.06819
0.078861
0.086898
0.090602
0.086506
0.083305
0.08725
-12.859
-57.693
0.1617
0
0.78861
30.684
