0.047606
0.047598
0.047573
0.04746
0.0472
0.046814
0.046408
0.04615
0.046189
0.046568
0.04719
0.047633
0.046817
0.044881
0.044734
0.046564
0.049608
0.054612
0.064153
0.032881
0.035224
0.039557
0.042915
0.04568
0.046264
0.042489
0.039082
0.039519
0.04673
0.046785
0.046868
0.046923
0.046879
0.046759
0.04669
0.046803
0.047175
0.047829
0.04871
0.049462
0.048968
0.047104
0.046812
0.04858
0.051722
0.057114
0.068022
0.034378
0.035659
0.040165
0.043627
0.046383
0.046873
0.043159
0.040119
0.040855
0.045219
0.045132
0.044932
0.044604
0.044262
0.044084
0.044134
0.04441
0.044912
0.045638
0.046533
0.04725
0.046711
0.044795
0.044375
0.045939
0.048781
0.053546
0.062114
0.029034
0.033095
0.037642
0.040896
0.043453
0.043868
0.040276
0.037346
0.038106
0.043257
0.043358
0.043624
0.044021
0.044397
0.044602
0.044667
0.044762
0.045069
0.045687
0.046585
0.047387
0.046872
0.044745
0.044197
0.046013
0.049576
0.056026
0.069655
0.029851
0.029755
0.035447
0.039696
0.043216
0.044636
0.041626
0.038541
0.039245
-18.635
-52.344
0.42341
0
0.83298
13.173
