0.097323
0.097329
0.097383
0.097447
0.097493
0.097561
0.097758
0.098227
0.09911
0.10049
0.10227
0.10375
0.10276
0.099375
0.099471
0.1038
0.11118
0.12424
0.15512
0.090119
0.081267
0.089106
0.096746
0.10367
0.10573
0.096835
0.087742
0.088204
0.099538
0.099437
0.099283
0.099111
0.098957
0.098853
0.098895
0.099245
0.10002
0.10126
0.10281
0.10393
0.10257
0.099209
0.099584
0.10387
0.1107
0.12233
0.14926
0.088748
0.082613
0.090065
0.097297
0.10372
0.1052
0.096296
0.088021
0.088961
0.097506
0.09743
0.09735
0.097251
0.097134
0.097032
0.097017
0.097233
0.097836
0.098914
0.10039
0.1016
0.10061
0.097537
0.097676
0.10157
0.10806
0.1193
0.14521
0.086801
0.081181
0.08818
0.094899
0.10086
0.10204
0.093105
0.084756
0.085444
0.094134
0.094177
0.094272
0.094402
0.094529
0.094669
0.094946
0.095538
0.096594
0.098184
0.10021
0.10193
0.10108
0.097646
0.097793
0.10241
0.11031
0.1243
0.15691
0.085469
0.076307
0.085359
0.093771
0.10128
0.10393
0.095779
0.087437
0.088504
-12
-59.308
0.28525
0
0.63825
13.394
