0.11714
0.1173
0.11786
0.11878
0.11974
0.12042
0.12077
0.12102
0.12149
0.12239
0.12367
0.12453
0.1228
0.119
0.11937
0.12423
0.13231
0.14667
0.18289
0.11699
0.10282
0.10989
0.11847
0.12717
0.12998
0.11719
0.10226
0.10132
0.1177
0.11785
0.11836
0.11925
0.12021
0.12101
0.12178
0.12284
0.12436
0.12638
0.12881
0.13082
0.13004
0.12684
0.12812
0.13467
0.14558
0.16606
0.22332
0.14836
0.11466
0.12116
0.13179
0.1431
0.14826
0.1362
0.1207
0.11933
0.11588
0.11601
0.11638
0.11706
0.11793
0.11878
0.11962
0.12065
0.12206
0.12391
0.12608
0.12763
0.12612
0.12245
0.12391
0.13064
0.14129
0.16045
0.21207
0.14042
0.11284
0.1199
0.13027
0.14112
0.14569
0.13307
0.11731
0.11591
0.11488
0.115
0.11548
0.11639
0.1175
0.11847
0.11934
0.12039
0.12184
0.12377
0.12608
0.12793
0.12694
0.12377
0.12535
0.13208
0.14292
0.16285
0.21791
0.14487
0.11318
0.11968
0.13004
0.14098
0.14577
0.1336
0.1184
0.1174
-10.571
-57.837
0.16832
0
0.83298
31.049
