0.11658
0.11655
0.11636
0.11586
0.1151
0.11439
0.11398
0.11401
0.11465
0.11596
0.11779
0.1192
0.11736
0.11196
0.11042
0.11385
0.12019
0.13035
0.14561
0.068137
0.084511
0.09552
0.10305
0.10887
0.10962
0.10097
0.093712
0.094704
0.11491
0.11502
0.11499
0.11462
0.11393
0.11325
0.11284
0.11291
0.11359
0.11493
0.11676
0.11808
0.1159
0.10994
0.10809
0.11146
0.11775
0.12766
0.14067
0.058953
0.08101
0.092861
0.10059
0.10648
0.10738
0.098985
0.091774
0.092654
0.1132
0.1132
0.1131
0.11278
0.11225
0.11174
0.1114
0.11139
0.11188
0.113
0.11465
0.11599
0.11431
0.10906
0.10724
0.11021
0.11607
0.12563
0.13847
0.055091
0.077158
0.088761
0.096087
0.10151
0.1021
0.09408
0.087705
0.089163
0.11302
0.11309
0.113
0.11251
0.11164
0.11077
0.1102
0.11011
0.11062
0.11175
0.11331
0.11429
0.11181
0.10574
0.10373
0.10668
0.11222
0.12068
0.13014
0.05635
0.078592
0.089097
0.095807
0.10077
0.10088
0.092252
0.085429
0.086713
-10.453
-50.614
0.20783
0
0.26236
3.7013
