0.10841
0.10847
0.10892
0.10996
0.11137
0.11262
0.11354
0.11441
0.11556
0.11718
0.1192
0.12081
0.11983
0.1168
0.11811
0.12418
0.13398
0.15187
0.20132
0.13656
0.1087
0.11447
0.124
0.13436
0.13915
0.1278
0.113
0.11141
0.10845
0.10859
0.10912
0.11
0.11097
0.1117
0.11222
0.1128
0.11367
0.11501
0.11672
0.11803
0.1168
0.11357
0.11454
0.12005
0.12893
0.14491
0.18801
0.12634
0.10413
0.11012
0.11905
0.12861
0.13271
0.1213
0.10675
0.10502
0.10639
0.10655
0.10712
0.10802
0.10893
0.1095
0.1098
0.11013
0.1108
0.11193
0.11341
0.11442
0.1128
0.10904
0.10927
0.11379
0.12124
0.13424
0.16601
0.10539
0.094901
0.10219
0.11058
0.11903
0.12218
0.11112
0.097791
0.096625
0.10483
0.10494
0.10544
0.10636
0.10746
0.1084
0.10916
0.10999
0.11114
0.11272
0.11463
0.11605
0.11477
0.11155
0.11285
0.11887
0.12846
0.14575
0.19291
0.1297
0.10373
0.10964
0.11898
0.1291
0.13382
0.12284
0.10843
0.10683
-11.196
-51.583
0.16564
0
0.51797
14.289
