0.047011
0.047019
0.047108
0.047213
0.047251
0.047204
0.047132
0.047143
0.047346
0.047807
0.048487
0.049023
0.048302
0.046185
0.045579
0.046953
0.049521
0.05372
0.060427
0.028918
0.034583
0.038922
0.041991
0.044422
0.044735
0.040993
0.037873
0.038521
0.047912
0.047896
0.047857
0.047712
0.047448
0.047177
0.047011
0.047009
0.047212
0.047639
0.048233
0.048638
0.047798
0.045705
0.045177
0.046526
0.048945
0.052771
0.058118
0.027747
0.034875
0.039191
0.042107
0.044299
0.04433
0.040443
0.03733
0.037828
0.045854
0.045871
0.045948
0.045988
0.045912
0.04575
0.045597
0.045556
0.045735
0.046203
0.046934
0.047611
0.047146
0.045199
0.04452
0.045821
0.04849
0.053137
0.061034
0.02395
0.030456
0.035579
0.038999
0.041677
0.042284
0.038856
0.035888
0.036726
0.04545
0.045462
0.045509
0.045493
0.045341
0.045108
0.044896
0.044805
0.044932
0.045339
0.045992
0.046561
0.045979
0.043976
0.043249
0.044389
0.04671
0.05062
0.056408
0.022806
0.030612
0.035215
0.038136
0.040251
0.040315
0.03679
0.034107
0.034872
-18.216
-53.963
0.42887
0
0.41272
3.5495
