0.11487
0.11492
0.11492
0.1146
0.11389
0.1131
0.11248
0.11216
0.1123
0.11299
0.11414
0.11489
0.11261
0.10701
0.105
0.10761
0.11286
0.12125
0.13004
0.04268
0.071888
0.083406
0.090071
0.094667
0.094325
0.08558
0.079325
0.08171
0.11742
0.11726
0.11683
0.11608
0.11528
0.1148
0.11471
0.11498
0.11569
0.11695
0.11868
0.12
0.11819
0.11323
0.11229
0.11616
0.12278
0.13317
0.14965
0.075871
0.08861
0.098891
0.10638
0.11242
0.11343
0.10484
0.097644
0.098826
0.11135
0.11139
0.11146
0.11139
0.11105
0.11053
0.11001
0.10969
0.10979
0.11041
0.11144
0.11202
0.10978
0.10473
0.10331
0.10621
0.11162
0.12029
0.13045
0.044863
0.071544
0.083173
0.09012
0.095044
0.095118
0.086736
0.08038
0.08232
0.11228
0.11223
0.11203
0.11148
0.11061
0.10976
0.10913
0.10883
0.10901
0.10975
0.11095
0.11175
0.10957
0.10415
0.10224
0.10483
0.10992
0.1179
0.12559
0.04379
0.072257
0.083405
0.090011
0.094705
0.094675
0.086352
0.080039
0.08187
-10.637
-51.752
0.20499
0
0.71343
19.16
