0.093952
0.094114
0.09488
0.096119
0.09735
0.098219
0.098915
0.099816
0.1012
0.10321
0.10581
0.10809
0.10706
0.102
0.10085
0.10547
0.11419
0.12922
0.15669
0.045367
0.0611
0.077745
0.088022
0.095711
0.098797
0.094113
0.090874
0.094481
0.088822
0.089081
0.08982
0.090895
0.091965
0.092794
0.093492
0.094357
0.095687
0.097683
0.10032
0.10275
0.10189
0.096535
0.0947
0.099035
0.10813
0.12469
0.15733
0.037276
0.045852
0.065021
0.076244
0.084663
0.088701
0.084833
0.08184
0.086209
0.093478
0.093649
0.094136
0.09479
0.095374
0.095805
0.096229
0.096884
0.098019
0.099817
0.10225
0.10447
0.10347
0.098153
0.096252
0.10004
0.1079
0.12174
0.14631
0.035927
0.055905
0.072161
0.081777
0.088866
0.091677
0.087176
0.083892
0.087113
0.089279
0.089481
0.089954
0.090618
0.091351
0.092149
0.093136
0.094445
0.09621
0.098567
0.1015
0.10413
0.10336
0.098162
0.096753
0.10147
0.1107
0.12697
0.15828
0.044772
0.055289
0.073055
0.084032
0.092339
0.096105
0.091781
0.088277
0.09174
-12.917
-50.546
0.16094
0
0.63825
23.544
