0.097894
0.098072
0.098633
0.099571
0.10062
0.10149
0.1023
0.10339
0.10504
0.1074
0.11041
0.11309
0.11218
0.10689
0.10583
0.11109
0.12091
0.13812
0.17174
0.052629
0.061303
0.079705
0.091472
0.10047
0.10439
0.099274
0.095209
0.099021
0.094645
0.09487
0.095493
0.096426
0.097401
0.098236
0.099064
0.10016
0.10175
0.104
0.10687
0.10944
0.1086
0.10347
0.10232
0.10733
0.11687
0.13363
0.16647
0.055555
0.06262
0.079605
0.090826
0.0997
0.10378
0.098545
0.09367
0.096718
0.094827
0.095067
0.095669
0.096428
0.097032
0.097545
0.098371
0.099747
0.10169
0.10419
0.10717
0.10972
0.10872
0.1035
0.10248
0.10765
0.11738
0.1346
0.16877
0.051604
0.059094
0.07773
0.089616
0.098678
0.10273
0.09773
0.093405
0.09682
0.091166
0.091448
0.092189
0.093157
0.093963
0.094484
0.094963
0.095703
0.096952
0.098875
0.10145
0.10387
0.10319
0.09819
0.096501
0.10065
0.10931
0.12511
0.15637
0.042643
0.050807
0.068444
0.079244
0.087474
0.091281
0.086891
0.083133
0.086747
-12.94
-57.454
0.16075
0
0.98956
37.621
