0.04746
0.047489
0.047614
0.047808
0.047989
0.048089
0.048142
0.048265
0.048583
0.049168
0.049971
0.050574
0.049743
0.047458
0.047032
0.048884
0.052165
0.057673
0.068205
0.032458
0.035199
0.040116
0.043792
0.046779
0.047512
0.04382
0.040545
0.041178
0.045406
0.045419
0.045402
0.045337
0.045257
0.045228
0.045294
0.045498
0.045878
0.046447
0.047136
0.047544
0.046527
0.044188
0.043696
0.0453
0.048076
0.052424
0.05841
0.022678
0.032131
0.037425
0.040904
0.043549
0.043936
0.040133
0.036968
0.037672
0.046522
0.046514
0.046347
0.045924
0.045398
0.045119
0.045216
0.045601
0.046198
0.047001
0.04798
0.048768
0.048141
0.045902
0.045342
0.047121
0.050493
0.056351
0.067555
0.028102
0.031831
0.037578
0.04164
0.044899
0.04594
0.042513
0.039245
0.039876
0.048608
0.048623
0.048736
0.048873
0.048886
0.04872
0.048497
0.048403
0.048573
0.049065
0.049835
0.05052
0.050006
0.048146
0.047825
0.049524
0.05255
0.057731
0.068338
0.036204
0.037033
0.041196
0.044523
0.047242
0.047754
0.044111
0.041121
0.041823
-18.459
-50.218
0.43248
0
0.90605
13.657
