0.079607
0.079841
0.080699
0.082052
0.08342
0.084491
0.085472
0.08669
0.088327
0.090465
0.09306
0.095504
0.095943
0.09473
0.097425
0.10488
0.11695
0.13945
0.19847
0.11528
0.077945
0.087856
0.10101
0.11444
0.12248
0.11455
0.10219
0.10309
0.087082
0.087192
0.087761
0.08881
0.089982
0.090894
0.091646
0.092545
0.093775
0.0954
0.097313
0.098795
0.098041
0.096137
0.09866
0.10544
0.11575
0.13402
0.1791
0.09852
0.077879
0.088944
0.1008
0.11213
0.11746
0.10736
0.094693
0.095652
0.086234
0.086357
0.086986
0.087979
0.08897
0.089745
0.090448
0.091325
0.09258
0.094348
0.096631
0.098909
0.099413
0.098054
0.099844
0.10591
0.11607
0.13516
0.18715
0.12045
0.089449
0.095923
0.10601
0.11685
0.12287
0.11432
0.10218
0.10198
0.089096
0.089222
0.08975
0.090525
0.091247
0.091811
0.092391
0.093217
0.094459
0.096219
0.098442
0.10048
0.10036
0.098182
0.099592
0.1055
0.11533
0.13343
0.18135
0.11482
0.088821
0.096093
0.10615
0.11674
0.12243
0.11353
0.10102
0.1004
-11.084
-62.933
0.052773
0
0.26236
13.791
