0.067085
0.067159
0.067305
0.067263
0.066846
0.066219
0.065673
0.065402
0.065529
0.066104
0.067051
0.067853
0.066864
0.063659
0.062448
0.064199
0.067868
0.074124
0.083551
0.028179
0.041452
0.048983
0.053646
0.057142
0.057824
0.053325
0.049754
0.051206
0.068476
0.068413
0.06819
0.067771
0.067268
0.066882
0.06672
0.066835
0.067291
0.068124
0.069248
0.070112
0.069129
0.066278
0.065725
0.067886
0.071524
0.077129
0.085538
0.045389
0.053152
0.058873
0.063048
0.066368
0.066748
0.061665
0.057501
0.058103
0.064439
0.064451
0.064393
0.064296
0.064241
0.064283
0.064467
0.064893
0.065674
0.066864
0.068368
0.06956
0.068601
0.065485
0.065263
0.068609
0.074346
0.084057
0.10314
0.040948
0.044242
0.053424
0.060005
0.065368
0.067549
0.06339
0.059485
0.061037
0.064198
0.064224
0.06425
0.064186
0.064001
0.063818
0.063797
0.064054
0.06466
0.065638
0.066897
0.067883
0.066914
0.06389
0.063347
0.065958
0.070579
0.078245
0.092118
0.040767
0.046846
0.054224
0.059571
0.063986
0.065483
0.061003
0.056747
0.057592
-15.949
-52.206
0.42912
1
0.63825
5.1155
