0.087969
0.088283
0.089385
0.091106
0.092872
0.094292
0.095584
0.097121
0.09915
0.10183
0.10516
0.10852
0.10974
0.10875
0.11193
0.12083
0.13567
0.1639
0.23955
0.14159
0.088355
0.098375
0.11364
0.12951
0.13933
0.13084
0.11722
0.11892
0.096146
0.096402
0.097237
0.098566
0.09994
0.10102
0.10199
0.1032
0.10487
0.10712
0.10991
0.11254
0.11284
0.11108
0.11365
0.12156
0.1345
0.15861
0.22076
0.12243
0.085612
0.097891
0.11231
0.12635
0.13389
0.12405
0.11075
0.11254
0.10322
0.10312
0.10338
0.10407
0.10494
0.1057
0.10643
0.10738
0.10873
0.11052
0.11262
0.11419
0.11313
0.11056
0.11283
0.11979
0.1304
0.14904
0.19491
0.11124
0.092553
0.10389
0.11609
0.12778
0.13306
0.12213
0.10909
0.11037
0.10173
0.10182
0.10234
0.10314
0.10387
0.10442
0.10498
0.1058
0.10705
0.10885
0.11116
0.11328
0.11308
0.1107
0.11219
0.1186
0.12934
0.14926
0.20129
0.12322
0.096091
0.10494
0.11614
0.12753
0.13323
0.12313
0.10985
0.10982
-10.001
-61.17
0.050552
0
0.4879
25.648
