0.11638
0.1164
0.11683
0.11771
0.11878
0.11969
0.1204
0.12116
0.12223
0.12377
0.12571
0.12726
0.12614
0.12279
0.12371
0.12941
0.13875
0.15566
0.20107
0.13382
0.11092
0.11745
0.12684
0.13675
0.14084
0.12885
0.11414
0.11301
0.11564
0.11576
0.11623
0.11689
0.11751
0.11801
0.11849
0.11905
0.11986
0.12109
0.12271
0.12392
0.12242
0.11862
0.1191
0.12431
0.1329
0.14792
0.18476
0.11568
0.10198
0.10952
0.11843
0.12754
0.13094
0.11888
0.10458
0.10407
0.1176
0.11759
0.11785
0.11844
0.11915
0.11973
0.12036
0.12133
0.12279
0.12474
0.12694
0.12835
0.12643
0.12255
0.12435
0.13141
0.1421
0.16067
0.20866
0.13359
0.11107
0.11962
0.13059
0.14171
0.14639
0.13397
0.1188
0.11813
0.11563
0.11573
0.11618
0.11713
0.11834
0.11939
0.12025
0.12124
0.12262
0.12448
0.12672
0.1284
0.12704
0.12351
0.12502
0.13174
0.14231
0.16123
0.21132
0.13538
0.10965
0.11746
0.12802
0.13878
0.14331
0.13143
0.11708
0.11661
-10.32
-55.413
0.16604
0
0.18719
4.5249
