0.12456
0.12473
0.12529
0.12618
0.12711
0.12777
0.12826
0.12887
0.12986
0.13138
0.13331
0.13479
0.13334
0.12937
0.12993
0.13563
0.14523
0.16278
0.20938
0.13597
0.11355
0.12103
0.13095
0.14109
0.14489
0.13179
0.1161
0.1148
0.12414
0.12431
0.12487
0.12579
0.12678
0.12752
0.12806
0.1287
0.12972
0.13125
0.13322
0.13477
0.13349
0.12975
0.1304
0.13612
0.14571
0.16333
0.21101
0.13985
0.11551
0.12231
0.132
0.14207
0.14582
0.13265
0.11689
0.11553
0.12435
0.12434
0.1247
0.12556
0.12669
0.12765
0.12843
0.12935
0.13067
0.13248
0.13466
0.13635
0.13519
0.132
0.1337
0.14052
0.15134
0.17112
0.22619
0.15335
0.12233
0.12877
0.13913
0.15004
0.1544
0.14127
0.12559
0.12476
0.1226
0.12303
0.12368
0.12438
0.12487
0.12514
0.12559
0.12657
0.12822
0.1305
0.13312
0.13482
0.13242
0.12712
0.12829
0.136
0.14826
0.16994
0.22627
0.14427
0.11586
0.12486
0.13667
0.14861
0.15354
0.13946
0.12169
0.11986
-10.009
-64.433
0.16557
0
0.18719
5.9798
