0.12232
0.12253
0.12306
0.12407
0.1253
0.12626
0.12699
0.12787
0.12924
0.13123
0.13369
0.13566
0.1345
0.13085
0.13217
0.13894
0.14994
0.17027
0.22705
0.15089
0.11801
0.12487
0.13576
0.14716
0.15201
0.13923
0.12351
0.12243
0.12169
0.12177
0.1221
0.12277
0.1236
0.12434
0.12498
0.12581
0.12706
0.12884
0.13102
0.13267
0.13131
0.12779
0.12935
0.13614
0.14682
0.16609
0.21965
0.15044
0.11978
0.12558
0.13552
0.14622
0.15056
0.13738
0.12127
0.11994
0.11744
0.11758
0.11814
0.11918
0.1204
0.1214
0.12222
0.12315
0.12445
0.12627
0.12853
0.13044
0.12959
0.12625
0.12733
0.13368
0.14433
0.16403
0.21663
0.13793
0.11039
0.11833
0.12904
0.13998
0.14466
0.13246
0.11733
0.11632
0.11606
0.11627
0.11691
0.11787
0.11886
0.11959
0.12009
0.12061
0.12144
0.12275
0.12451
0.12594
0.12472
0.12104
0.12141
0.12662
0.13556
0.15193
0.1944
0.12172
0.10226
0.10976
0.11909
0.12853
0.13207
0.11994
0.10547
0.10461
-10.528
-60.112
0.16707
0
0.71343
21.912
