0.044891
0.04493
0.044871
0.044616
0.044207
0.043835
0.043607
0.043555
0.043725
0.044157
0.044811
0.045348
0.044683
0.042582
0.041836
0.043027
0.045454
0.049607
0.056188
0.020332
0.028005
0.032921
0.036044
0.038347
0.038566
0.034981
0.032096
0.032948
0.045172
0.045139
0.045065
0.044954
0.044841
0.044768
0.044789
0.044981
0.04542
0.04614
0.047089
0.047882
0.047353
0.045391
0.04505
0.046798
0.049877
0.05506
0.065071
0.031308
0.033827
0.038541
0.042093
0.044962
0.045677
0.042283
0.039384
0.040107
0.044551
0.044503
0.044429
0.044317
0.044179
0.044064
0.04404
0.044181
0.044546
0.045154
0.045949
0.046574
0.045988
0.044205
0.044055
0.045876
0.049012
0.054428
0.065928
0.033421
0.033169
0.037493
0.040992
0.043905
0.044728
0.041449
0.03855
0.039234
0.042199
0.042207
0.042213
0.042139
0.041953
0.041723
0.04153
0.041446
0.041549
0.041893
0.042449
0.042924
0.042377
0.04062
0.040062
0.041171
0.043309
0.046794
0.051589
0.021794
0.029201
0.033321
0.036012
0.038049
0.038208
0.034905
0.032298
0.03305
-19.041
-51.403
0.43419
0
0.93476
14.106
