0.046889
0.046906
0.04689
0.046745
0.046464
0.046168
0.045955
0.045885
0.046029
0.046445
0.047115
0.04773
0.047231
0.045282
0.044566
0.045771
0.048291
0.052714
0.060133
0.022985
0.029822
0.034817
0.038024
0.040393
0.040631
0.037038
0.034228
0.035173
0.046959
0.046954
0.046898
0.046774
0.046618
0.046526
0.046594
0.046886
0.047421
0.04818
0.049074
0.049669
0.048743
0.046463
0.046267
0.048399
0.051977
0.057977
0.070023
0.032993
0.034396
0.039623
0.043593
0.04679
0.047641
0.04402
0.040906
0.041772
0.046508
0.046525
0.046511
0.046412
0.04623
0.046085
0.046102
0.046352
0.046858
0.047619
0.048568
0.049313
0.048644
0.046493
0.046157
0.048156
0.051745
0.057984
0.070844
0.032579
0.033254
0.0386
0.042637
0.045895
0.046824
0.043223
0.040009
0.040805
0.045547
0.045544
0.04556
0.045539
0.045447
0.045309
0.045179
0.045134
0.045273
0.045665
0.046286
0.046822
0.046269
0.044462
0.044016
0.045424
0.048068
0.052543
0.059888
0.02346
0.030374
0.035374
0.038627
0.041056
0.041392
0.037984
0.035292
0.036092
-18.485
-53.099
0.42284
0
0.41272
4.8039
