0.065647
0.065682
0.065678
0.065598
0.065472
0.065405
0.065499
0.065844
0.06652
0.067558
0.068858
0.069805
0.068626
0.065407
0.065018
0.067954
0.072936
0.081088
0.095814
0.041348
0.047853
0.055773
0.061433
0.065992
0.06739
0.062639
0.058428
0.05958
0.065112
0.06522
0.065304
0.065247
0.065025
0.064802
0.064777
0.065076
0.065778
0.066907
0.068372
0.069594
0.068752
0.065531
0.064733
0.067321
0.072169
0.08051
0.09654
0.041282
0.04582
0.053717
0.059385
0.063956
0.06542
0.060714
0.056328
0.057236
0.064326
0.064362
0.06438
0.064331
0.064222
0.064127
0.064132
0.064331
0.064832
0.065699
0.066869
0.067817
0.066951
0.06423
0.063941
0.066659
0.071343
0.079159
0.093765
0.041213
0.046109
0.053399
0.058656
0.062889
0.064124
0.059602
0.055696
0.056806
0.06257
0.062624
0.062717
0.062746
0.062658
0.062533
0.062489
0.062638
0.063085
0.063892
0.064993
0.065858
0.064835
0.061668
0.06069
0.062692
0.066536
0.072926
0.083282
0.033989
0.043422
0.050422
0.055166
0.058909
0.059795
0.05512
0.051007
0.051914
-15.654
-62.87
0.43905
0
0.41272
4.8019
