0.098674
0.098633
0.098591
0.098523
0.098445
0.098401
0.098455
0.098741
0.099426
0.10061
0.10221
0.10353
0.10244
0.098924
0.098709
0.10256
0.1092
0.12082
0.14758
0.086741
0.08099
0.088407
0.095499
0.10187
0.10344
0.094486
0.08569
0.086171
0.098393
0.098347
0.098331
0.098324
0.098321
0.098339
0.098431
0.098731
0.099413
0.10058
0.10217
0.1035
0.10244
0.098921
0.0986
0.10231
0.10881
0.12019
0.146
0.084426
0.079886
0.087493
0.094587
0.10093
0.10255
0.093839
0.085316
0.085898
0.096537
0.096553
0.096637
0.096726
0.096765
0.096771
0.096831
0.09709
0.097711
0.098793
0.10026
0.1014
0.10011
0.096412
0.096008
0.099626
0.10595
0.11688
0.14037
0.077145
0.07594
0.084104
0.091172
0.097323
0.098794
0.0902
0.08189
0.082572
0.096553
0.096498
0.096463
0.096452
0.096462
0.096509
0.096678
0.09712
0.097966
0.099269
0.10091
0.10214
0.10088
0.097528
0.09796
0.10251
0.10987
0.12259
0.15259
0.090245
0.081534
0.089065
0.096579
0.10341
0.10536
0.096528
0.087848
0.088731
-12.154
-63.847
0.28187
0
0.98956
19.88
