0.12101
0.12088
0.12052
0.11958
0.11805
0.11649
0.11539
0.115
0.11543
0.11666
0.11841
0.11964
0.11754
0.11219
0.11116
0.11518
0.12211
0.13309
0.14997
0.069634
0.08605
0.097833
0.10615
0.11285
0.11426
0.10516
0.096931
0.097948
0.11609
0.11616
0.1162
0.11597
0.11543
0.11484
0.11442
0.11428
0.11457
0.11543
0.11681
0.11787
0.11593
0.11046
0.10846
0.11126
0.11697
0.12641
0.13842
0.046523
0.073215
0.085452
0.092779
0.09803
0.098238
0.0896
0.083178
0.085652
0.11954
0.11972
0.11982
0.11953
0.11873
0.11776
0.11705
0.11689
0.11745
0.11879
0.12071
0.12221
0.12029
0.1146
0.11296
0.11652
0.12308
0.13355
0.14997
0.074616
0.088615
0.099293
0.10692
0.11298
0.11385
0.10478
0.096897
0.09765
0.11671
0.11676
0.11671
0.11638
0.11571
0.11496
0.11443
0.11436
0.11492
0.11614
0.11784
0.11903
0.11689
0.11137
0.10994
0.11347
0.11978
0.12973
0.14417
0.067906
0.084904
0.095842
0.10332
0.10908
0.10969
0.10081
0.093401
0.094377
-10.425
-51.025
0.20687
0
0.41272
9.6168
