0.04724
0.047273
0.047272
0.047147
0.046892
0.046629
0.046462
0.046449
0.046649
0.047102
0.047768
0.048294
0.047616
0.045683
0.045329
0.046936
0.049767
0.054399
0.062165
0.028826
0.034201
0.038846
0.042104
0.04464
0.044941
0.041018
0.037729
0.038333
0.046529
0.046513
0.046488
0.046373
0.046151
0.045921
0.045785
0.0458
0.04601
0.046427
0.046979
0.047274
0.046255
0.044101
0.043773
0.045431
0.048265
0.052858
0.060221
0.024994
0.031952
0.037006
0.040381
0.042925
0.04321
0.039339
0.036142
0.036817
0.047232
0.047211
0.047135
0.046966
0.046733
0.046545
0.046494
0.046644
0.047041
0.047692
0.048525
0.049135
0.048396
0.046421
0.046305
0.048292
0.051591
0.057051
0.067713
0.033765
0.035681
0.040362
0.043988
0.046956
0.047642
0.043894
0.040661
0.041383
0.044852
0.044862
0.044897
0.044882
0.044779
0.044637
0.04452
0.044485
0.044607
0.044946
0.04548
0.0459
0.045237
0.043403
0.042981
0.044409
0.047101
0.051733
0.059564
0.021189
0.028165
0.033343
0.036601
0.038966
0.039165
0.035545
0.032846
0.034019
-18.402
-53.381
0.42784
0
0.63825
6.9727
