0.043547
0.043591
0.043602
0.043504
0.043277
0.043007
0.042804
0.042755
0.042931
0.043367
0.04401
0.044527
0.043907
0.042048
0.041586
0.042907
0.04529
0.049176
0.055861
0.029217
0.032978
0.036715
0.0395
0.0417
0.041848
0.03811
0.034962
0.035335
0.047429
0.047417
0.047374
0.047224
0.046967
0.046715
0.046553
0.046532
0.046717
0.047156
0.047816
0.048368
0.04776
0.045827
0.045298
0.046664
0.049235
0.053509
0.060258
0.026235
0.032941
0.037611
0.040725
0.04308
0.043296
0.039597
0.036618
0.037307
0.046359
0.046429
0.046515
0.046518
0.04638
0.046168
0.045998
0.045974
0.046187
0.046676
0.047389
0.04795
0.047209
0.044981
0.044293
0.045729
0.048569
0.0535
0.062199
0.023827
0.02989
0.035268
0.038818
0.041504
0.042007
0.038454
0.035485
0.036334
0.046203
0.046196
0.046172
0.046104
0.045999
0.045918
0.045919
0.046068
0.046435
0.047065
0.047919
0.048634
0.048099
0.046264
0.046103
0.048044
0.051411
0.057197
0.069213
0.034421
0.034759
0.039472
0.043196
0.046261
0.047066
0.043453
0.04028
0.041017
-18.338
-53.761
0.44055
0
0.90605
12.693
