0.11482
0.11495
0.11546
0.11637
0.11741
0.11821
0.11876
0.11933
0.12023
0.12165
0.12352
0.12504
0.12391
0.12044
0.12107
0.12649
0.13556
0.15217
0.19696
0.13021
0.10718
0.11348
0.12254
0.13202
0.13561
0.12323
0.10822
0.10674
0.11321
0.11342
0.11392
0.11464
0.11538
0.11597
0.11647
0.11707
0.118
0.11941
0.12122
0.12268
0.12141
0.11758
0.11779
0.12291
0.13179
0.14808
0.18998
0.11773
0.099106
0.10689
0.11629
0.12578
0.12954
0.11782
0.10336
0.10219
0.1146
0.11462
0.11495
0.11577
0.11694
0.11802
0.1189
0.11985
0.1211
0.12277
0.12474
0.12614
0.1247
0.12147
0.12315
0.12962
0.13963
0.15769
0.20845
0.14392
0.1146
0.12006
0.12957
0.13982
0.14404
0.13165
0.11653
0.11539
0.11122
0.11129
0.11188
0.11309
0.11456
0.11572
0.11638
0.11682
0.11745
0.11853
0.12005
0.12123
0.12003
0.11712
0.11836
0.12386
0.13258
0.14837
0.1926
0.13543
0.11089
0.11548
0.12357
0.13247
0.13583
0.12362
0.10883
0.10736
-10.709
-57.828
0.16647
0
0.71343
25.281
