0.099203
0.099216
0.099209
0.099112
0.098932
0.098773
0.098745
0.098985
0.099654
0.10085
0.10251
0.10392
0.10294
0.099484
0.099265
0.10313
0.10985
0.12163
0.14879
0.087258
0.081337
0.088775
0.095866
0.10223
0.10374
0.094579
0.085566
0.086008
0.097853
0.097721
0.09768
0.097724
0.097805
0.097859
0.097895
0.098043
0.09849
0.099367
0.10062
0.10162
0.10054
0.09757
0.09774
0.10145
0.10755
0.11799
0.14189
0.087601
0.082866
0.089294
0.095614
0.10132
0.10232
0.09317
0.084541
0.085055
0.096255
0.096203
0.096224
0.096229
0.096146
0.096004
0.095909
0.096013
0.096483
0.097421
0.098753
0.099818
0.098605
0.095003
0.094374
0.097499
0.10312
0.1129
0.13386
0.075546
0.075058
0.082431
0.088861
0.094444
0.095475
0.086814
0.078642
0.07931
0.09579
0.095804
0.095836
0.095806
0.095671
0.095514
0.095477
0.095708
0.09634
0.097439
0.098914
0.10008
0.098912
0.095501
0.095362
0.099123
0.10555
0.11672
0.14211
0.082598
0.077957
0.085348
0.092266
0.098461
0.10005
0.09147
0.082943
0.083326
-12.114
-63.935
0.2826
0
0.98956
19.678
