0.1215
0.12177
0.12248
0.12347
0.12434
0.12481
0.12503
0.12533
0.126
0.12723
0.12892
0.13025
0.12871
0.1244
0.12426
0.12925
0.13802
0.15388
0.19195
0.11154
0.099858
0.10938
0.11913
0.12843
0.1316
0.11928
0.10522
0.10502
0.1196
0.11976
0.12036
0.1214
0.12257
0.12349
0.12416
0.12487
0.12594
0.12754
0.1296
0.13128
0.13001
0.12603
0.12645
0.13209
0.14165
0.15893
0.203
0.12693
0.10812
0.11663
0.12684
0.1371
0.14124
0.12909
0.11438
0.11343
0.11757
0.11779
0.11845
0.11948
0.1205
0.1212
0.12165
0.12219
0.12311
0.12459
0.12654
0.12812
0.12677
0.1227
0.12292
0.1283
0.13753
0.15418
0.19552
0.11779
0.1019
0.11089
0.12094
0.13087
0.13487
0.1232
0.1092
0.1087
0.1193
0.11946
0.11997
0.12086
0.1218
0.12249
0.12314
0.12414
0.12565
0.12767
0.13
0.1316
0.12983
0.12583
0.12743
0.13457
0.14569
0.16528
0.21565
0.13518
0.11157
0.12062
0.13176
0.14286
0.14742
0.13501
0.12014
0.11978
-11.105
-56.353
0.16633
0
0.36761
12.123
