0.11457
0.1148
0.11535
0.11625
0.11718
0.11787
0.1185
0.11945
0.12089
0.12283
0.12508
0.12668
0.1251
0.12131
0.12275
0.12958
0.14045
0.16007
0.21275
0.13944
0.11142
0.11881
0.12934
0.14024
0.14495
0.13256
0.11679
0.11517
0.11379
0.11378
0.11416
0.11513
0.11647
0.11765
0.1186
0.1196
0.12092
0.12267
0.12473
0.12623
0.12488
0.12167
0.12338
0.12996
0.14015
0.15838
0.20765
0.13658
0.11041
0.11754
0.12785
0.13856
0.14316
0.13143
0.11716
0.11666
0.11037
0.11054
0.11117
0.11226
0.11349
0.11449
0.11527
0.11612
0.11728
0.1189
0.12093
0.12259
0.12163
0.11837
0.11926
0.12498
0.13447
0.15184
0.19846
0.13026
0.10616
0.11282
0.1223
0.13224
0.13651
0.12503
0.11068
0.10948
0.108
0.10819
0.10884
0.10994
0.11113
0.11205
0.11271
0.11339
0.11438
0.11584
0.11769
0.11918
0.11806
0.11464
0.11529
0.12065
0.12959
0.14583
0.18845
0.12108
0.1007
0.10785
0.11728
0.12709
0.13141
0.12036
0.1063
0.10498
-11.586
-60.685
0.16546
0
0.56308
19.492
