0.067667
0.067624
0.067559
0.067499
0.067472
0.067501
0.067647
0.068035
0.068781
0.069944
0.071441
0.072673
0.071829
0.068785
0.06838
0.071335
0.076481
0.085147
0.10185
0.045471
0.049707
0.057792
0.063764
0.068628
0.070232
0.065518
0.061407
0.062818
0.068089
0.068097
0.068078
0.06798
0.067817
0.067676
0.067627
0.067743
0.068129
0.068865
0.069905
0.070738
0.069766
0.066819
0.066083
0.068191
0.071994
0.078123
0.087796
0.042861
0.051117
0.05739
0.061825
0.065328
0.065822
0.0606
0.056172
0.056783
0.064659
0.064719
0.064855
0.064956
0.064922
0.064782
0.064649
0.064657
0.06494
0.065579
0.066509
0.067205
0.06609
0.063066
0.062343
0.064553
0.068638
0.075484
0.086636
0.031295
0.042482
0.050356
0.055479
0.059408
0.060327
0.055554
0.051476
0.052663
0.065786
0.065882
0.066033
0.066116
0.066026
0.065843
0.065765
0.065962
0.066537
0.067518
0.068797
0.069767
0.068634
0.065318
0.064657
0.067323
0.072062
0.079903
0.094006
0.041645
0.048062
0.055591
0.060979
0.065333
0.066595
0.061745
0.057364
0.058318
-15.172
-56.865
0.42158
0
0.63825
5.6192
