0.047518
0.047497
0.047414
0.047184
0.046831
0.046509
0.046316
0.046288
0.046468
0.046883
0.047483
0.047914
0.047075
0.04482
0.044045
0.04525
0.047668
0.051687
0.057247
0.020378
0.030061
0.035024
0.038062
0.040247
0.040298
0.036578
0.033798
0.034847
0.04635
0.046302
0.046199
0.04604
0.045905
0.045898
0.046042
0.046332
0.046791
0.047449
0.048267
0.048889
0.048235
0.046325
0.046126
0.048011
0.051281
0.056787
0.067064
0.029766
0.033576
0.038816
0.042565
0.045535
0.046237
0.042605
0.039483
0.040248
0.047031
0.046955
0.046795
0.046616
0.04654
0.046624
0.046834
0.047159
0.047638
0.048314
0.049155
0.049796
0.049149
0.047315
0.047287
0.049322
0.052693
0.058358
0.069846
0.034817
0.035878
0.040678
0.044497
0.047702
0.048682
0.045214
0.042101
0.042868
0.048115
0.048038
0.047828
0.047453
0.046989
0.046613
0.046459
0.046594
0.047036
0.04776
0.048669
0.049337
0.04859
0.046513
0.046286
0.048162
0.051271
0.056345
0.066097
0.03398
0.036203
0.040669
0.044176
0.047053
0.047683
0.044013
0.040922
0.041662
-18.228
-53.224
0.42746
0
0.90605
13.026
