0.096376
0.096762
0.097549
0.098561
0.099419
0.10001
0.1007
0.10191
0.10393
0.10688
0.11075
0.11463
0.11502
0.11022
0.10916
0.11529
0.12757
0.15055
0.20202
0.070238
0.049482
0.071585
0.085921
0.096811
0.10251
0.099299
0.09697
0.10237
0.093593
0.093801
0.094416
0.095428
0.096599
0.097651
0.098626
0.099787
0.1014
0.10366
0.10649
0.1089
0.10758
0.10189
0.10068
0.10592
0.11565
0.13235
0.16336
0.042399
0.057498
0.076178
0.087498
0.095924
0.09937
0.094227
0.090362
0.094063
0.091596
0.091775
0.092435
0.093476
0.09458
0.095482
0.096248
0.09712
0.098352
0.10013
0.10241
0.10427
0.10269
0.097099
0.09556
0.099828
0.10802
0.12195
0.14534
0.030248
0.056712
0.073805
0.083864
0.091329
0.094291
0.089291
0.085339
0.088475
0.091859
0.092083
0.092742
0.093769
0.094834
0.09569
0.096526
0.097691
0.099436
0.1019
0.10502
0.10794
0.10753
0.10282
0.10199
0.1074
0.11765
0.136
0.17374
0.053851
0.054516
0.073634
0.08578
0.09501
0.099325
0.09507
0.091845
0.096106
-12.705
-54.56
0.16147
0
0.26236
8.0495
