0.11743
0.11738
0.1172
0.11669
0.11586
0.11502
0.11445
0.11431
0.11477
0.11588
0.1175
0.11865
0.1165
0.11075
0.10884
0.11182
0.1175
0.12636
0.1365
0.057383
0.081247
0.092539
0.099732
0.10508
0.10538
0.096544
0.089448
0.090791
0.11756
0.1178
0.11788
0.11755
0.11677
0.11596
0.11551
0.11564
0.11647
0.11803
0.12015
0.12181
0.11994
0.1142
0.11267
0.11662
0.12389
0.13594
0.15698
0.073385
0.084924
0.096492
0.10464
0.11099
0.11198
0.10285
0.094971
0.095938
0.11523
0.11521
0.11507
0.1146
0.11382
0.11307
0.11262
0.1126
0.11314
0.11428
0.11588
0.11702
0.11502
0.10992
0.10882
0.11239
0.1185
0.12788
0.14078
0.069757
0.086058
0.096052
0.10294
0.10828
0.10863
0.099684
0.092393
0.09353
0.11383
0.11369
0.11338
0.11287
0.1123
0.11186
0.11164
0.11173
0.1123
0.11345
0.11507
0.11634
0.11474
0.11016
0.10926
0.11284
0.11905
0.12899
0.14533
0.075254
0.086188
0.095769
0.1028
0.10843
0.10913
0.10056
0.093472
0.094605
-10.499
-51.319
0.20697
0
0.87212
26.611
