0.046322
0.046301
0.046202
0.045993
0.045712
0.04548
0.045411
0.045579
0.046022
0.04674
0.047663
0.048407
0.047819
0.045844
0.045563
0.047411
0.050642
0.056114
0.066661
0.030252
0.033201
0.038358
0.042117
0.045075
0.045787
0.042349
0.039475
0.040252
0.045007
0.04496
0.044867
0.044743
0.044634
0.04457
0.044565
0.04467
0.044954
0.045463
0.046154
0.046669
0.045993
0.044209
0.044048
0.045705
0.048444
0.05293
0.061555
0.03283
0.034839
0.038689
0.041678
0.044044
0.044287
0.040688
0.037858
0.038489
0.043055
0.043066
0.04306
0.042976
0.042813
0.042655
0.042583
0.042654
0.042928
0.043444
0.044167
0.044785
0.0443
0.042542
0.04212
0.04353
0.046145
0.050596
0.059069
0.030018
0.032431
0.036366
0.039379
0.041867
0.042411
0.039061
0.03608
0.036589
0.042379
0.042395
0.04237
0.042223
0.041955
0.041702
0.04157
0.041602
0.041826
0.042251
0.042817
0.043179
0.042341
0.040333
0.039845
0.041155
0.043515
0.047337
0.053135
0.022719
0.029316
0.033612
0.036453
0.038581
0.038767
0.035433
0.032747
0.033329
-18.683
-52.599
0.43108
0
0.4879
3.5639
