0.047477
0.047447
0.047385
0.047284
0.047166
0.047079
0.047077
0.047216
0.047546
0.048095
0.048809
0.049304
0.048502
0.046581
0.046524
0.048477
0.051638
0.056744
0.065858
0.03123
0.035569
0.040498
0.044059
0.046827
0.047286
0.043597
0.040698
0.04155
0.045103
0.045133
0.045176
0.045141
0.044993
0.044803
0.044644
0.04458
0.044693
0.045042
0.045584
0.045971
0.045149
0.043061
0.042527
0.043963
0.046656
0.051148
0.058008
0.019351
0.028419
0.033765
0.037113
0.039624
0.040029
0.036505
0.033667
0.034734
0.045629
0.045602
0.045561
0.045497
0.045408
0.045323
0.045295
0.045393
0.045677
0.046172
0.046824
0.047281
0.046584
0.044947
0.045031
0.046898
0.049821
0.054476
0.062856
0.03226
0.035652
0.03994
0.043201
0.045837
0.046324
0.042791
0.039939
0.040721
0.044286
0.044294
0.044312
0.044298
0.044232
0.044151
0.044125
0.044238
0.044561
0.045127
0.045876
0.046438
0.045746
0.043835
0.043624
0.045458
0.048647
0.054066
0.06461
0.029256
0.03164
0.036522
0.040081
0.04291
0.043607
0.040262
0.037427
0.038216
-18.807
-53.474
0.4272
0
0.78861
11.114
