0.10122
0.10141
0.10197
0.10288
0.10388
0.10475
0.10561
0.10675
0.10843
0.11081
0.11384
0.11651
0.11549
0.11003
0.10898
0.11444
0.12456
0.14217
0.17652
0.05855
0.066539
0.08443
0.096136
0.10524
0.10918
0.10359
0.098927
0.10256
0.10181
0.10195
0.10243
0.10326
0.10419
0.10497
0.10573
0.1068
0.10842
0.11076
0.11372
0.11634
0.11534
0.10998
0.10889
0.11408
0.12373
0.14051
0.17249
0.052353
0.064809
0.083143
0.094772
0.10358
0.1072
0.10176
0.097615
0.10141
0.098572
0.098743
0.099319
0.10026
0.1013
0.10218
0.103
0.10404
0.10557
0.10777
0.11059
0.1131
0.11216
0.10709
0.10628
0.11166
0.12154
0.13868
0.17174
0.053972
0.063511
0.081434
0.092953
0.10183
0.10566
0.10035
0.096066
0.099727
0.096782
0.097007
0.097664
0.098675
0.099754
0.10066
0.1015
0.10255
0.10409
0.10632
0.10924
0.11196
0.11134
0.10637
0.10526
0.1103
0.11993
0.13686
0.16982
0.055715
0.063673
0.080874
0.092102
0.10092
0.10489
0.099649
0.094991
0.09822
-11.91
-63.101
0.15943
0
0.33754
10.165
