0.11665
0.11646
0.11606
0.11557
0.11525
0.11517
0.11536
0.11588
0.11687
0.11841
0.12039
0.12192
0.12033
0.11555
0.11476
0.11882
0.12585
0.1373
0.15682
0.074759
0.087298
0.098778
0.10689
0.11317
0.11424
0.10597
0.09947
0.10121
0.11597
0.116
0.11589
0.11542
0.11455
0.11362
0.11298
0.11281
0.11325
0.11432
0.11586
0.11692
0.1148
0.10953
0.10834
0.11192
0.11811
0.12769
0.14105
0.067997
0.084957
0.095497
0.10281
0.10853
0.10917
0.10015
0.092512
0.093506
0.11349
0.11349
0.1134
0.11301
0.11228
0.11152
0.11102
0.11097
0.1115
0.11265
0.11426
0.1154
0.11338
0.10817
0.10693
0.11042
0.11658
0.12632
0.14062
0.065845
0.081925
0.092464
0.099693
0.10528
0.10588
0.097181
0.08998
0.091138
0.11021
0.11027
0.11033
0.11016
0.10962
0.10893
0.10841
0.10827
0.1087
0.10978
0.11135
0.1125
0.11047
0.10487
0.10295
0.10598
0.112
0.12193
0.13573
0.046336
0.07038
0.082768
0.090442
0.096146
0.096985
0.088925
0.082514
0.084728
-11.176
-51.281
0.20832
0
0.87212
25.262
