0.080068
0.080611
0.081828
0.083603
0.08536
0.086672
0.087806
0.089176
0.090979
0.093279
0.095989
0.098333
0.098157
0.096338
0.099549
0.10822
0.12193
0.14696
0.20924
0.10394
0.062968
0.078237
0.093967
0.10839
0.11603
0.10638
0.092998
0.095036
0.086369
0.086638
0.087383
0.088486
0.089555
0.090364
0.091162
0.09228
0.093878
0.095995
0.098504
0.1006
0.10008
0.097682
0.099991
0.10744
0.1193
0.14073
0.1939
0.10277
0.074491
0.087267
0.10093
0.11406
0.12121
0.11216
0.099343
0.10035
0.086178
0.08638
0.087102
0.088168
0.089188
0.090005
0.090856
0.092025
0.093676
0.095893
0.098632
0.10126
0.10174
0.10008
0.10219
0.10931
0.12122
0.14353
0.2028
0.12361
0.087281
0.095755
0.10772
0.12009
0.12713
0.11853
0.10605
0.10646
0.089496
0.089643
0.09025
0.09122
0.092228
0.093059
0.093854
0.094883
0.096355
0.098387
0.10094
0.10334
0.10348
0.10146
0.1033
0.11006
0.12122
0.1418
0.19565
0.11756
0.086636
0.095334
0.10684
0.11866
0.12519
0.11658
0.10457
0.10513
-10.991
-61.659
0.053062
0
0.18719
9.2307
