0.097955
0.097901
0.097753
0.097505
0.097248
0.097134
0.097269
0.097731
0.09858
0.099842
0.1014
0.1025
0.10103
0.097432
0.097637
0.10194
0.10891
0.1208
0.14792
0.087269
0.081561
0.089153
0.096397
0.10286
0.10443
0.09547
0.086824
0.087498
0.09724
0.097183
0.097131
0.097094
0.097069
0.09706
0.097144
0.097485
0.098241
0.099497
0.10117
0.10258
0.10166
0.09852
0.098726
0.10292
0.10994
0.12223
0.15099
0.088378
0.081031
0.088649
0.095986
0.10254
0.10427
0.095611
0.087211
0.087928
0.093938
0.093938
0.093988
0.09399
0.093892
0.093763
0.093718
0.09389
0.094418
0.095383
0.096696
0.097665
0.096263
0.092581
0.092164
0.095633
0.10167
0.11207
0.13395
0.072502
0.072574
0.080635
0.08745
0.093321
0.09464
0.086221
0.078106
0.078759
0.095164
0.095096
0.094994
0.094905
0.094874
0.094918
0.095097
0.095555
0.096431
0.097787
0.09952
0.10089
0.09974
0.096277
0.096406
0.10067
0.10772
0.11987
0.14723
0.081862
0.076978
0.085399
0.093041
0.099741
0.10162
0.093296
0.08536
0.086458
-12.149
-58.721
0.28196
0
0.90605
20.202
