0.11485
0.11486
0.11434
0.11339
0.11252
0.11221
0.11241
0.113
0.11401
0.11551
0.11735
0.11839
0.11557
0.10935
0.1082
0.1124
0.11923
0.12929
0.142
0.065732
0.086217
0.097611
0.10529
0.11114
0.11164
0.10234
0.094705
0.095751
0.11596
0.11588
0.11558
0.11506
0.11446
0.11403
0.11388
0.11415
0.11498
0.11646
0.11847
0.12006
0.11837
0.11329
0.11239
0.11663
0.12397
0.13594
0.15652
0.07067
0.083505
0.095555
0.10396
0.11046
0.11174
0.10368
0.097265
0.099012
0.11347
0.11344
0.11334
0.11295
0.11222
0.1114
0.11074
0.11041
0.11057
0.11131
0.11252
0.11333
0.11114
0.10567
0.10363
0.10596
0.11056
0.11744
0.12202
0.050418
0.077157
0.087118
0.093091
0.097298
0.096894
0.088622
0.082549
0.084024
0.10952
0.10957
0.10956
0.10928
0.10867
0.10801
0.10753
0.10738
0.1077
0.10858
0.10991
0.1108
0.10857
0.10294
0.10099
0.10382
0.1094
0.11832
0.12834
0.038896
0.069068
0.081301
0.088501
0.09364
0.094034
0.086107
0.080056
0.08208
-10.918
-53.119
0.20642
0
0.33754
4.9093
