0.079973
0.079985
0.080387
0.081361
0.082778
0.084259
0.085649
0.08701
0.088465
0.090153
0.092083
0.093676
0.093415
0.092518
0.095925
0.10336
0.11451
0.13443
0.18407
0.098103
0.071556
0.083361
0.096159
0.10835
0.11443
0.10473
0.092175
0.093776
0.083003
0.083318
0.084251
0.085583
0.086835
0.087766
0.088596
0.089628
0.091078
0.093073
0.095591
0.09803
0.09841
0.096672
0.098454
0.10496
0.11585
0.13621
0.19087
0.12046
0.087473
0.094726
0.10573
0.11757
0.12465
0.11663
0.10424
0.10386
0.088881
0.08909
0.08976
0.090945
0.092324
0.093434
0.094231
0.095007
0.096086
0.097661
0.099696
0.10152
0.10119
0.099021
0.1006
0.10654
0.11615
0.13374
0.1795
0.10763
0.083755
0.092242
0.10279
0.11339
0.11878
0.11004
0.098718
0.099246
0.09015
0.090054
0.090154
0.090431
0.090859
0.091473
0.092352
0.093543
0.095071
0.096974
0.099201
0.10115
0.10099
0.099208
0.10121
0.10754
0.1176
0.1359
0.18416
0.11547
0.088991
0.096395
0.10661
0.11728
0.12291
0.11408
0.10222
0.10245
-11.429
-50.467
0.051444
0
0.93476
37.716
