0.11695
0.11687
0.11656
0.116
0.11533
0.11481
0.1146
0.11485
0.11571
0.1172
0.11918
0.12063
0.11868
0.11338
0.11242
0.11651
0.12343
0.13437
0.15188
0.072095
0.086539
0.097995
0.10607
0.11234
0.11344
0.10527
0.098776
0.10034
0.11512
0.11508
0.11491
0.11455
0.11409
0.11369
0.11346
0.11354
0.11413
0.11533
0.11707
0.11849
0.11698
0.11226
0.11121
0.11488
0.12138
0.13183
0.14819
0.070299
0.084832
0.09553
0.10291
0.10862
0.10934
0.10102
0.094357
0.095671
0.11474
0.11474
0.11455
0.11409
0.11347
0.11295
0.1127
0.11288
0.11362
0.11502
0.11694
0.11848
0.11682
0.11175
0.11064
0.11451
0.12132
0.1322
0.14946
0.069682
0.084468
0.095715
0.10352
0.10959
0.11067
0.1026
0.096015
0.097377
0.11237
0.11232
0.11212
0.11168
0.11107
0.11056
0.11028
0.11037
0.11099
0.11222
0.11396
0.11525
0.11335
0.10799
0.10643
0.10971
0.11573
0.12518
0.13802
0.062912
0.081335
0.092031
0.099241
0.10486
0.10571
0.097563
0.090654
0.091628
-10.922
-49.725
0.20649
0
0.71343
17.693
