0.047279
0.047349
0.047477
0.047529
0.047383
0.047066
0.046703
0.046426
0.046359
0.04657
0.047012
0.047327
0.046445
0.044243
0.043492
0.044623
0.04687
0.050552
0.055316
0.020786
0.030263
0.034881
0.037712
0.039733
0.039632
0.035757
0.03282
0.033751
0.046716
0.046447
0.045912
0.045357
0.045213
0.045576
0.046139
0.046684
0.047228
0.047884
0.048699
0.049399
0.04896
0.047231
0.046944
0.048614
0.051628
0.056818
0.066959
0.03218
0.034527
0.039144
0.042581
0.045318
0.045874
0.042409
0.039653
0.04055
0.047243
0.047184
0.047047
0.046921
0.046918
0.047026
0.04716
0.047329
0.047634
0.048166
0.048911
0.049522
0.048971
0.047289
0.047198
0.048947
0.051848
0.056708
0.066563
0.035617
0.036805
0.04092
0.044222
0.046877
0.047272
0.043552
0.040591
0.041272
0.046272
0.046309
0.046372
0.046401
0.046332
0.04618
0.046032
0.045996
0.046169
0.0466
0.047251
0.047798
0.047216
0.045355
0.044884
0.046269
0.048828
0.053067
0.060047
0.028581
0.033944
0.038269
0.041277
0.043582
0.04374
0.039941
0.036858
0.037442
-17.949
-52.585
0.41776
1
0.63825
5.2516
