0.095185
0.095165
0.095179
0.095218
0.095273
0.095342
0.095473
0.095808
0.096521
0.097723
0.099352
0.10074
0.099822
0.096537
0.096408
0.10022
0.10677
0.11831
0.14559
0.087548
0.079987
0.086734
0.093493
0.099645
0.10116
0.092494
0.084053
0.084609
0.092941
0.093
0.093151
0.093216
0.093068
0.092798
0.09257
0.092534
0.09285
0.093616
0.094748
0.09556
0.094013
0.090084
0.089269
0.092294
0.097828
0.10734
0.12557
0.060186
0.065512
0.074182
0.080758
0.08621
0.087193
0.078763
0.070888
0.07206
0.093351
0.093238
0.093123
0.093009
0.092925
0.092915
0.093047
0.093444
0.094236
0.095488
0.097111
0.098417
0.097386
0.094149
0.094269
0.09836
0.10523
0.11721
0.14483
0.08363
0.077138
0.084719
0.091934
0.098426
0.10028
0.091877
0.083508
0.084152
0.092176
0.092222
0.092281
0.092257
0.092107
0.091912
0.09181
0.091952
0.092482
0.093469
0.094816
0.095837
0.09452
0.090879
0.090361
0.093628
0.099362
0.10921
0.12999
0.072179
0.07222
0.079817
0.08633
0.09195
0.093137
0.084871
0.076879
0.077264
-12.539
-62.928
0.28179
1
0.26236
1.9453
