0.11287
0.11282
0.1127
0.11237
0.1118
0.11119
0.11071
0.11048
0.11069
0.11144
0.11262
0.11339
0.11117
0.10575
0.10386
0.10647
0.1116
0.11968
0.12791
0.047381
0.074014
0.085001
0.091614
0.096338
0.096267
0.087809
0.081513
0.083536
0.11101
0.11104
0.11104
0.1108
0.11024
0.1096
0.10909
0.10888
0.10914
0.10998
0.11126
0.11211
0.10986
0.10427
0.10234
0.10515
0.11071
0.11967
0.13026
0.043063
0.070543
0.082458
0.089623
0.094831
0.095256
0.087091
0.080764
0.082896
0.11156
0.1115
0.1113
0.11073
0.1098
0.10888
0.10824
0.10798
0.10822
0.10901
0.11022
0.11097
0.10873
0.10335
0.10161
0.10435
0.10959
0.11783
0.12699
0.048489
0.072819
0.08352
0.090076
0.094844
0.094922
0.086645
0.080348
0.082288
0.11119
0.11123
0.11119
0.11089
0.11021
0.10939
0.10879
0.10875
0.10941
0.11074
0.11252
0.11376
0.11168
0.10615
0.10459
0.10797
0.11424
0.12438
0.13965
0.062541
0.079803
0.09112
0.098705
0.10448
0.10526
0.096746
0.089447
0.090346
-11.117
-52.208
0.20939
0
1
32.656
