0.091542
0.091936
0.093123
0.094832
0.096356
0.097377
0.098349
0.099778
0.10187
0.10466
0.10804
0.11124
0.11186
0.11013
0.11313
0.12221
0.13732
0.16597
0.24175
0.13929
0.087855
0.099938
0.11624
0.13265
0.14261
0.13353
0.11884
0.11984
0.096945
0.09721
0.098107
0.099495
0.1009
0.10202
0.10306
0.10438
0.10622
0.10873
0.11191
0.11509
0.11601
0.11453
0.11717
0.12549
0.13949
0.16609
0.23717
0.14043
0.093594
0.10365
0.11799
0.13265
0.14108
0.13166
0.11804
0.1195
0.10188
0.10197
0.10255
0.1036
0.10472
0.10563
0.10648
0.10758
0.10912
0.1112
0.11377
0.11611
0.11613
0.11433
0.11689
0.1245
0.13675
0.15928
0.21755
0.12614
0.094247
0.10528
0.11858
0.13171
0.13845
0.12815
0.11486
0.11633
0.10652
0.1066
0.10702
0.10777
0.10856
0.10916
0.1098
0.1108
0.11234
0.11444
0.11694
0.11895
0.11809
0.11507
0.11698
0.1242
0.13572
0.15653
0.20863
0.11671
0.09256
0.10482
0.11805
0.13059
0.13639
0.12526
0.11171
0.11291
-9.7126
-61.38
0.050517
0
0.36761
18.683
