0.10231
0.1025
0.103
0.10383
0.10479
0.10565
0.1065
0.10762
0.10926
0.11159
0.11453
0.11707
0.11587
0.11026
0.10918
0.11455
0.12444
0.14151
0.17407
0.052972
0.064676
0.083111
0.094882
0.10387
0.10762
0.10209
0.097811
0.10167
0.097765
0.097952
0.098616
0.099614
0.10058
0.10128
0.10184
0.10259
0.10382
0.10573
0.10831
0.11074
0.10998
0.10488
0.10322
0.10739
0.11592
0.13116
0.15978
0.045479
0.060118
0.077287
0.087968
0.096149
0.099704
0.094692
0.090401
0.093608
0.097005
0.097187
0.097794
0.098773
0.099844
0.10076
0.10162
0.1027
0.10428
0.10653
0.10941
0.11206
0.11137
0.10648
0.10556
0.11081
0.12071
0.13822
0.17317
0.057582
0.062728
0.08033
0.091858
0.10085
0.1049
0.09975
0.095262
0.098666
0.096255
0.096457
0.097064
0.097966
0.098859
0.099559
0.10025
0.10123
0.10275
0.10494
0.10771
0.11013
0.10905
0.10387
0.10295
0.10814
0.11768
0.13414
0.16574
0.056017
0.065062
0.081777
0.092856
0.10163
0.10552
0.099945
0.094759
0.097645
-12.682
-61.642
0.16094
0
0.93476
35.598
