0.076269
0.076494
0.077421
0.079039
0.080918
0.082606
0.084135
0.085746
0.087643
0.089997
0.092869
0.095792
0.097072
0.096833
0.1002
0.10839
0.12179
0.14726
0.21534
0.12554
0.077211
0.086826
0.10111
0.1159
0.12514
0.1175
0.10493
0.10653
0.085743
0.086035
0.086964
0.088488
0.090054
0.091151
0.091956
0.092896
0.094222
0.096015
0.098168
0.099927
0.099363
0.09752
0.10035
0.10785
0.11945
0.14043
0.19337
0.10545
0.0766
0.088559
0.10189
0.11474
0.12138
0.11146
0.097963
0.098848
0.087147
0.087253
0.087805
0.088666
0.089566
0.090401
0.091322
0.092513
0.094118
0.096254
0.098913
0.10153
0.1022
0.10093
0.1032
0.11018
0.12171
0.14332
0.20159
0.12663
0.090524
0.097895
0.10928
0.12142
0.12839
0.11964
0.10687
0.107
0.089297
0.089432
0.09003
0.090945
0.091875
0.092681
0.093503
0.094547
0.09599
0.097957
0.10042
0.10276
0.10292
0.10089
0.10248
0.10883
0.11945
0.13915
0.1914
0.12004
0.090369
0.098039
0.10894
0.12054
0.12719
0.11862
0.10597
0.10558
-11.434
-51.516
0.053264
0
0.26236
13.913
