0.10039
0.10058
0.10114
0.10191
0.1026
0.10309
0.10362
0.10456
0.10614
0.10847
0.11141
0.11387
0.11247
0.10664
0.10554
0.11102
0.12102
0.13812
0.17042
0.052418
0.064331
0.082531
0.094214
0.10324
0.10716
0.10167
0.097044
0.10055
0.10263
0.10318
0.10407
0.10505
0.10575
0.10612
0.10649
0.10726
0.1087
0.11099
0.11402
0.11668
0.11523
0.10857
0.10635
0.11108
0.12047
0.13668
0.16618
0.043978
0.061983
0.08035
0.091442
0.099577
0.10259
0.097028
0.092902
0.096179
0.094097
0.094309
0.095023
0.096053
0.097016
0.097713
0.098319
0.099125
0.1004
0.10235
0.10495
0.10739
0.10664
0.10153
0.099826
0.10402
0.11269
0.12823
0.15748
0.039558
0.054844
0.072726
0.08346
0.091569
0.095194
0.090686
0.087108
0.090954
0.097155
0.097369
0.097945
0.098846
0.099833
0.10067
0.10143
0.10241
0.10388
0.10603
0.10885
0.11143
0.11061
0.10528
0.10368
0.10817
0.11713
0.133
0.16327
0.049497
0.06134
0.078468
0.08921
0.09736
0.10083
0.095969
0.091982
0.095033
-12.352
-57.028
0.16207
0
0.63825
19.938
