0.12722
0.12737
0.12796
0.12889
0.12984
0.13046
0.1308
0.13115
0.13183
0.13305
0.13475
0.13612
0.13473
0.13078
0.13103
0.13628
0.14527
0.16154
0.20237
0.12536
0.10961
0.11799
0.12762
0.13712
0.14028
0.12726
0.11249
0.11208
0.12721
0.1273
0.12768
0.12856
0.12977
0.13089
0.13189
0.13305
0.13466
0.13685
0.13948
0.14155
0.14026
0.13636
0.13796
0.14547
0.15749
0.1791
0.23558
0.14606
0.11728
0.12671
0.13875
0.15076
0.15572
0.14268
0.12739
0.12753
0.12584
0.12591
0.12625
0.12707
0.12822
0.12929
0.13021
0.13131
0.13286
0.13499
0.13757
0.13957
0.13816
0.13409
0.13543
0.14258
0.15396
0.17423
0.22707
0.14293
0.11679
0.12568
0.13713
0.14863
0.1534
0.14084
0.12619
0.12639
0.12365
0.12373
0.12416
0.12507
0.12623
0.12721
0.12805
0.12912
0.13069
0.13285
0.13548
0.13762
0.13659
0.13298
0.13446
0.14157
0.15301
0.17368
0.22792
0.14129
0.11358
0.1227
0.13442
0.14621
0.15137
0.13931
0.12477
0.12472
-10.355
-56.011
0.16528
0
0.4879
15.94
