0.099071
0.099027
0.098937
0.098846
0.098812
0.098851
0.099001
0.099397
0.1002
0.1015
0.10321
0.10463
0.10367
0.10052
0.10083
0.10513
0.11217
0.12445
0.15415
0.094568
0.084975
0.091755
0.098832
0.10528
0.10676
0.097544
0.088804
0.089609
0.094717
0.094684
0.094737
0.094758
0.094657
0.094478
0.094309
0.094269
0.094526
0.095214
0.096297
0.097187
0.09603
0.092704
0.092172
0.095227
0.10079
0.11052
0.13002
0.064842
0.068125
0.076497
0.083022
0.088436
0.089297
0.080731
0.072967
0.074316
0.095588
0.095522
0.095493
0.095452
0.095374
0.095314
0.095372
0.095683
0.096384
0.097553
0.099103
0.10034
0.099204
0.095778
0.095683
0.099578
0.10623
0.11784
0.14435
0.083554
0.078065
0.085489
0.092446
0.098634
0.10009
0.091251
0.082705
0.083388
0.093809
0.093802
0.093855
0.093889
0.093853
0.09378
0.093744
0.093877
0.094342
0.095248
0.096528
0.097528
0.096273
0.092735
0.092245
0.095522
0.10133
0.11139
0.13237
0.070782
0.07144
0.07937
0.085994
0.091677
0.092864
0.084501
0.076585
0.077404
-12.318
-62.99
0.283
0
0.78861
15.733
