0.085883
0.086183
0.087166
0.088679
0.090214
0.091437
0.09256
0.093924
0.095755
0.098192
0.10123
0.10427
0.10526
0.10425
0.10724
0.11562
0.1295
0.15581
0.22617
0.1342
0.08604
0.09559
0.10983
0.12462
0.13365
0.1252
0.11177
0.11283
0.091115
0.091309
0.092025
0.093097
0.094151
0.095027
0.095941
0.097157
0.098841
0.1011
0.10389
0.10659
0.10713
0.10556
0.1079
0.11539
0.12785
0.15134
0.21505
0.1352
0.094812
0.1027
0.11508
0.12826
0.13588
0.12656
0.11262
0.11248
0.097383
0.097552
0.098083
0.098966
0.099914
0.10069
0.10147
0.10257
0.10413
0.1062
0.10865
0.11068
0.11005
0.10738
0.10934
0.11638
0.12765
0.14814
0.20022
0.11297
0.086316
0.097659
0.11054
0.12306
0.12936
0.11923
0.10593
0.10665
0.097354
0.097457
0.097962
0.098789
0.099683
0.10045
0.10118
0.10209
0.10342
0.10531
0.10772
0.10996
0.1099
0.10776
0.10966
0.11651
0.12774
0.14842
0.20293
0.12594
0.095381
0.10352
0.11467
0.1262
0.13215
0.12224
0.10906
0.1092
-10.311
-56.606
0.052035
0
0.99739
72.12
