0.094562
0.094614
0.094763
0.095005
0.095226
0.095318
0.095374
0.095619
0.096248
0.097336
0.098782
0.09991
0.098768
0.095491
0.095429
0.099134
0.10541
0.11639
0.14233
0.087468
0.080786
0.087269
0.093759
0.099623
0.1008
0.091708
0.082869
0.083158
0.093301
0.093309
0.093379
0.09339
0.093254
0.093045
0.092939
0.093126
0.093758
0.094888
0.09638
0.097478
0.09607
0.092341
0.09209
0.095847
0.10221
0.11311
0.13737
0.079756
0.076051
0.083472
0.090463
0.096836
0.098657
0.090048
0.081126
0.081335
0.090341
0.090448
0.090707
0.091013
0.09119
0.091175
0.091083
0.09112
0.091494
0.092315
0.093507
0.094427
0.093127
0.089498
0.088783
0.091819
0.097473
0.10749
0.12805
0.062235
0.064573
0.073209
0.079933
0.085537
0.086691
0.0784
0.070461
0.07145
0.093105
0.093074
0.09303
0.09295
0.092824
0.092701
0.092698
0.092991
0.093728
0.094969
0.096605
0.097934
0.09692
0.09368
0.093763
0.097756
0.10444
0.11613
0.14433
0.087987
0.078918
0.085406
0.09217
0.098414
0.1001
0.091593
0.083117
0.083578
-12.242
-54.623
0.28367
0
0.99739
19.899
