0.081829
0.082201
0.083276
0.08489
0.086512
0.087795
0.088966
0.090389
0.092301
0.094845
0.098034
0.10127
0.10242
0.10125
0.10385
0.11189
0.12548
0.15135
0.21977
0.12598
0.078521
0.088908
0.10332
0.11796
0.12693
0.11926
0.10708
0.1088
0.088281
0.08843
0.08913
0.090325
0.091647
0.09275
0.093701
0.094778
0.096247
0.098294
0.10092
0.10348
0.10394
0.10243
0.10473
0.11188
0.12353
0.14509
0.20133
0.11692
0.083285
0.092948
0.10547
0.11823
0.12549
0.11711
0.10529
0.10679
0.089766
0.089951
0.090631
0.091625
0.092558
0.093279
0.094005
0.095003
0.09645
0.098443
0.10093
0.10328
0.10344
0.10142
0.10307
0.10955
0.12043
0.14063
0.19346
0.11757
0.088378
0.097056
0.10835
0.11997
0.12644
0.11791
0.10576
0.10582
0.097271
0.097337
0.09769
0.098358
0.099099
0.099685
0.10028
0.10117
0.1025
0.10428
0.10633
0.1078
0.10655
0.10358
0.10538
0.11186
0.12186
0.13933
0.18107
0.098472
0.083791
0.09554
0.10724
0.11816
0.12298
0.11275
0.10045
0.10119
-11.064
-61.79
0.052167
0
0.33754
15.575
