0.085941
0.086224
0.087255
0.088902
0.090626
0.092042
0.093335
0.094853
0.096836
0.099445
0.10272
0.10607
0.10741
0.10652
0.10945
0.11788
0.13205
0.15897
0.23019
0.13308
0.084499
0.095081
0.10981
0.12478
0.13382
0.12563
0.11315
0.11525
0.09495
0.095016
0.095573
0.096667
0.097959
0.099065
0.10008
0.10127
0.10279
0.10473
0.10703
0.10897
0.10864
0.10695
0.10985
0.11755
0.12954
0.15113
0.20408
0.10579
0.080258
0.093936
0.10773
0.12052
0.12666
0.11631
0.10363
0.10573
0.096404
0.096564
0.097202
0.098206
0.099263
0.10018
0.10108
0.1022
0.10373
0.10584
0.10851
0.11109
0.11143
0.10949
0.11141
0.11842
0.13008
0.1517
0.20854
0.12671
0.094154
0.10288
0.1146
0.12663
0.13302
0.12361
0.11114
0.11203
0.1021
0.10215
0.1025
0.10313
0.10381
0.10438
0.10496
0.10584
0.10718
0.10905
0.11131
0.11312
0.11216
0.1091
0.11069
0.11725
0.12767
0.14608
0.19068
0.10514
0.08785
0.099532
0.11153
0.12288
0.12814
0.11829
0.10656
0.10794
-10.634
-55.244
0.053485
0
0.99739
72.058
