0.10008
0.10025
0.10079
0.10157
0.10227
0.10272
0.1031
0.10372
0.10485
0.10666
0.10907
0.11125
0.11023
0.10505
0.10343
0.1075
0.11571
0.1301
0.15541
0.039541
0.06107
0.078037
0.088265
0.095981
0.099049
0.093616
0.089157
0.09239
0.098032
0.098393
0.099349
0.10064
0.10175
0.10241
0.10288
0.10357
0.10484
0.10687
0.10959
0.11201
0.11076
0.10481
0.10299
0.10774
0.11727
0.13419
0.16668
0.045788
0.05774
0.076613
0.088369
0.097477
0.10179
0.096815
0.092057
0.095263
0.098831
0.099097
0.09981
0.10079
0.10164
0.10218
0.10261
0.10331
0.10459
0.10662
0.10929
0.11164
0.11044
0.10478
0.10313
0.10764
0.11649
0.13186
0.16012
0.048736
0.063959
0.080925
0.091824
0.10039
0.10423
0.098794
0.0936
0.096258
0.094606
0.094745
0.095287
0.096083
0.09685
0.097471
0.098116
0.099025
0.10041
0.10242
0.10501
0.10736
0.10655
0.10168
0.10042
0.10498
0.11395
0.12993
0.161
0.048125
0.057674
0.074915
0.085907
0.094533
0.098574
0.093664
0.089139
0.092553
-12.408
-51.916
0.16007
1
0.14208
2.3109
