0.064639
0.064557
0.064455
0.064295
0.064112
0.063973
0.063888
0.063886
0.064072
0.064546
0.065284
0.06586
0.064928
0.062419
0.061919
0.063935
0.067565
0.073545
0.082755
0.033825
0.044191
0.050933
0.055374
0.058797
0.059436
0.054868
0.051132
0.052231
0.065686
0.065641
0.065574
0.065525
0.065515
0.065548
0.065677
0.066008
0.066632
0.067585
0.068784
0.06967
0.068614
0.065719
0.065463
0.068272
0.073006
0.080824
0.095127
0.041568
0.047754
0.05545
0.060954
0.065356
0.066694
0.062247
0.058467
0.05972
0.063369
0.063334
0.063312
0.063328
0.063427
0.063597
0.063777
0.063989
0.064357
0.065007
0.065944
0.066725
0.065868
0.063151
0.062471
0.064531
0.068359
0.074742
0.085107
0.034871
0.044418
0.051453
0.05619
0.059897
0.060781
0.056317
0.052502
0.053432
0.063665
0.063714
0.063796
0.063829
0.06376
0.063646
0.063624
0.06384
0.064414
0.065395
0.066703
0.067786
0.066937
0.063901
0.063171
0.065588
0.070074
0.07772
0.092015
0.040423
0.045682
0.052948
0.058107
0.062202
0.063284
0.058587
0.054472
0.055431
-15.731
-57.805
0.43643
0
0.90605
11.42
