0.045906
0.045859
0.045742
0.045567
0.045438
0.045447
0.045573
0.045791
0.046136
0.046664
0.047357
0.04789
0.047273
0.045593
0.045569
0.047451
0.050583
0.055835
0.066364
0.034058
0.035226
0.039536
0.042953
0.045785
0.046427
0.042744
0.039501
0.040076
0.045246
0.045136
0.044923
0.044712
0.044661
0.044791
0.044994
0.045238
0.045593
0.046142
0.046893
0.047558
0.047173
0.045648
0.045564
0.047375
0.050568
0.056145
0.067405
0.030827
0.032598
0.03763
0.041341
0.044293
0.045056
0.04167
0.038727
0.039408
0.044331
0.044368
0.044452
0.044531
0.044537
0.044458
0.044365
0.044375
0.044595
0.045067
0.04572
0.046165
0.045311
0.043215
0.042853
0.044523
0.047445
0.052253
0.060572
0.026656
0.031849
0.036764
0.040224
0.042962
0.043573
0.040052
0.036932
0.037503
0.045068
0.04507
0.045023
0.044888
0.044732
0.044667
0.044698
0.044793
0.04499
0.045366
0.045935
0.046429
0.045861
0.043969
0.043287
0.044373
0.046581
0.05031
0.056165
0.025697
0.031554
0.035611
0.038333
0.040346
0.040299
0.036609
0.033772
0.034391
-18.729
-52.433
0.43064
0
0.95824
16.021
