0.066022
0.066027
0.066023
0.065956
0.065824
0.0657
0.065664
0.065801
0.066217
0.066977
0.068015
0.0688
0.067777
0.064996
0.064657
0.067192
0.071493
0.07847
0.090516
0.042227
0.04914
0.055951
0.060831
0.064713
0.065528
0.060548
0.056384
0.057374
0.066054
0.066089
0.066125
0.066143
0.06612
0.066082
0.066148
0.066488
0.06723
0.068428
0.070007
0.071393
0.070781
0.067882
0.067436
0.070351
0.075561
0.084491
0.10201
0.042641
0.046355
0.054778
0.060844
0.065721
0.067407
0.063004
0.059183
0.060663
0.064726
0.064714
0.064661
0.064526
0.064359
0.064269
0.06429
0.064445
0.064818
0.065485
0.066392
0.066997
0.065716
0.062621
0.061999
0.06425
0.06815
0.074318
0.083614
0.037825
0.047504
0.05405
0.058504
0.061964
0.062476
0.057441
0.053253
0.054093
0.064867
0.06488
0.064846
0.064722
0.064544
0.064444
0.064528
0.064865
0.065526
0.066563
0.067916
0.069044
0.068235
0.065277
0.064697
0.067284
0.071968
0.07998
0.095683
0.044274
0.047487
0.054612
0.059853
0.064058
0.065213
0.060531
0.056477
0.057536
-15.905
-61.758
0.43727
0
0.93476
11.829
