0.10733
0.10744
0.10817
0.10937
0.11047
0.11113
0.11164
0.11244
0.11379
0.11577
0.11827
0.12057
0.12055
0.11876
0.12134
0.12891
0.14099
0.16315
0.21934
0.1212
0.092949
0.10559
0.11936
0.13242
0.13861
0.12784
0.11507
0.11749
0.10798
0.10806
0.10847
0.1091
0.10976
0.11038
0.11112
0.11217
0.11371
0.11588
0.11863
0.12127
0.12146
0.11927
0.12128
0.12875
0.1412
0.16434
0.2247
0.13424
0.10096
0.11111
0.1238
0.13633
0.14228
0.13108
0.11736
0.11857
0.11145
0.11157
0.11193
0.11248
0.11303
0.11362
0.11451
0.11588
0.11776
0.12016
0.123
0.12539
0.1246
0.12096
0.12236
0.12976
0.14211
0.16477
0.22137
0.11997
0.093206
0.10697
0.12121
0.13448
0.1408
0.12983
0.11621
0.11744
0.1181
0.11795
0.11819
0.11882
0.11951
0.11997
0.12034
0.12094
0.12194
0.12342
0.12526
0.12673
0.12584
0.12337
0.12513
0.13112
0.14042
0.15725
0.20311
0.13505
0.11235
0.11984
0.13001
0.14023
0.14409
0.13219
0.11912
0.11992
-9.3538
-51.58
0.051171
0
0.14208
4.0177
