0.10013
0.10032
0.10095
0.10192
0.10294
0.10379
0.10459
0.10564
0.10722
0.10952
0.11249
0.1152
0.11439
0.10906
0.1077
0.11266
0.12225
0.13907
0.17127
0.055389
0.066136
0.0837
0.095113
0.10406
0.10805
0.10251
0.097437
0.10047
0.09971
0.099806
0.10028
0.10116
0.10226
0.10327
0.10411
0.10504
0.10639
0.1084
0.11107
0.11351
0.11259
0.10734
0.10581
0.11027
0.1191
0.13474
0.16486
0.054491
0.064892
0.081474
0.092382
0.10098
0.10487
0.099781
0.095147
0.097998
0.099109
0.099325
0.099889
0.10059
0.10113
0.10143
0.10175
0.10242
0.10367
0.10564
0.1082
0.11039
0.10902
0.10346
0.10209
0.10672
0.11542
0.13015
0.1563
0.049806
0.066411
0.082486
0.092917
0.10113
0.10454
0.098555
0.093025
0.095515
0.095161
0.095331
0.095949
0.096956
0.098054
0.098983
0.099819
0.10083
0.10227
0.10433
0.10699
0.10944
0.10873
0.10387
0.10262
0.10721
0.11623
0.13227
0.16315
0.049918
0.060538
0.077669
0.088522
0.096896
0.1006
0.095566
0.091174
0.094354
-12.038
-57.824
0.16067
0
0.78861
30.11
