0.10483
0.10469
0.10483
0.10512
0.10529
0.10518
0.10493
0.10477
0.10495
0.1056
0.10669
0.10763
0.10664
0.10371
0.10361
0.10694
0.11271
0.12298
0.14795
0.095388
0.088411
0.094007
0.099846
0.10512
0.10575
0.096516
0.088106
0.088545
0.10117
0.10118
0.10117
0.10103
0.10077
0.10055
0.10054
0.10086
0.10161
0.10282
0.10439
0.10556
0.1041
0.10013
0.099794
0.10375
0.11054
0.12218
0.14696
0.080452
0.079661
0.088432
0.095883
0.10224
0.10357
0.094346
0.085543
0.086117
0.10095
0.10092
0.10097
0.10102
0.10094
0.10074
0.10065
0.10094
0.10175
0.10312
0.10492
0.10649
0.10568
0.10224
0.10194
0.10591
0.11301
0.12571
0.15504
0.086827
0.0802
0.088549
0.096263
0.10308
0.10505
0.096656
0.088574
0.089516
0.097263
0.097287
0.097424
0.097518
0.097439
0.097232
0.097028
0.096984
0.097279
0.098031
0.099162
0.099968
0.09833
0.094202
0.093303
0.096418
0.10217
0.11203
0.13011
0.058977
0.067318
0.076958
0.083891
0.089426
0.090252
0.081653
0.07406
0.075623
-12.104
-60.671
0.28036
0
0.83298
18.175
