0.095809
0.095814
0.09585
0.09571
0.095299
0.094824
0.09454
0.094608
0.095127
0.096127
0.097473
0.098419
0.096834
0.092823
0.092211
0.095632
0.10166
0.11189
0.13186
0.065466
0.06976
0.078697
0.085618
0.091358
0.092413
0.083697
0.075554
0.076563
0.097982
0.097691
0.097255
0.096764
0.096399
0.09627
0.096388
0.096819
0.097658
0.098956
0.10061
0.10193
0.10089
0.097765
0.098118
0.10233
0.10913
0.12083
0.14853
0.090178
0.082295
0.089174
0.096214
0.10267
0.10441
0.095866
0.08771
0.088689
0.093352
0.093493
0.093799
0.094186
0.094461
0.094533
0.094568
0.094844
0.095577
0.096846
0.098534
0.099889
0.098686
0.094862
0.094436
0.098289
0.10512
0.11714
0.1439
0.077987
0.074346
0.083071
0.09072
0.09742
0.099436
0.091113
0.082558
0.082939
0.093283
0.093314
0.093416
0.093461
0.093337
0.093134
0.093068
0.093319
0.093981
0.095077
0.096493
0.097556
0.096353
0.093123
0.093183
0.096977
0.10329
0.11414
0.13842
0.080816
0.077017
0.084212
0.090851
0.096729
0.098017
0.089313
0.080826
0.081218
-12.273
-57.924
0.28671
0
0.56308
10.81
