0.065196
0.065157
0.065085
0.06493
0.064752
0.064702
0.064854
0.065227
0.065871
0.066848
0.068123
0.069192
0.068397
0.065459
0.064755
0.067117
0.071477
0.07883
0.092346
0.042596
0.047959
0.05486
0.059892
0.063993
0.065124
0.060382
0.056182
0.05716
0.063246
0.06327
0.063345
0.063367
0.063281
0.063183
0.063196
0.063399
0.063863
0.064638
0.065679
0.066512
0.065623
0.062847
0.062217
0.064409
0.068417
0.075051
0.085675
0.033678
0.044179
0.051629
0.056629
0.060577
0.061611
0.056945
0.052808
0.053797
0.061461
0.061448
0.061485
0.061485
0.061415
0.061366
0.061433
0.061682
0.06218
0.06298
0.064026
0.06482
0.063802
0.060824
0.060124
0.062462
0.066881
0.074502
0.08789
0.027648
0.037854
0.046502
0.052028
0.056313
0.057729
0.053599
0.050016
0.051655
0.063207
0.063266
0.063384
0.063397
0.063194
0.06293
0.062868
0.063152
0.063814
0.064852
0.066187
0.067291
0.066534
0.063825
0.063551
0.066359
0.071197
0.079269
0.094499
0.04238
0.04682
0.05418
0.059562
0.063946
0.065262
0.060509
0.056268
0.057375
-15.905
-53.821
0.43626
0
0.95824
38.354
