0.094384
0.094438
0.094556
0.094575
0.094384
0.094096
0.093897
0.093937
0.094333
0.095139
0.096248
0.096977
0.095311
0.091312
0.090503
0.093543
0.099094
0.10867
0.12741
0.063524
0.068077
0.076735
0.083489
0.089148
0.090249
0.081645
0.073417
0.074341
0.096241
0.096174
0.096141
0.096147
0.096163
0.096173
0.096255
0.096566
0.09725
0.098385
0.099897
0.10114
0.10023
0.097348
0.097702
0.10178
0.10849
0.12022
0.14825
0.090337
0.082221
0.088967
0.095784
0.10196
0.10341
0.0946
0.08612
0.086731
0.095138
0.095062
0.095018
0.094996
0.094977
0.094977
0.095084
0.095451
0.096231
0.097509
0.099228
0.10077
0.10014
0.097138
0.097115
0.10106
0.10803
0.12074
0.15159
0.087632
0.077465
0.084856
0.092114
0.098589
0.10031
0.091715
0.083265
0.083866
0.093384
0.093402
0.093424
0.093389
0.093278
0.093176
0.093218
0.093552
0.094296
0.095495
0.097037
0.098213
0.096978
0.093488
0.093399
0.097295
0.10392
0.1155
0.14241
0.083376
0.076922
0.084201
0.091232
0.097616
0.099445
0.091005
0.082358
0.082619
-12.308
-65.389
0.28371
0
0.99739
32.684
