0.098507
0.09871
0.099403
0.1004
0.10134
0.102
0.10253
0.10321
0.10435
0.10619
0.1087
0.11098
0.10986
0.10429
0.10244
0.10666
0.11527
0.13044
0.15788
0.039301
0.058442
0.076063
0.086719
0.094842
0.098298
0.093042
0.088633
0.092159
0.10042
0.10058
0.10107
0.1019
0.10287
0.10373
0.10457
0.10565
0.10723
0.10946
0.11225
0.11455
0.11307
0.1074
0.10646
0.11192
0.12174
0.13845
0.1695
0.048678
0.063523
0.082055
0.093712
0.10259
0.10633
0.10098
0.096773
0.10053
0.098752
0.098984
0.09958
0.10047
0.10138
0.10214
0.10289
0.10393
0.10548
0.10771
0.1106
0.11324
0.11249
0.10749
0.10652
0.11173
0.12154
0.13884
0.17299
0.057487
0.064453
0.082035
0.093465
0.10225
0.10592
0.10025
0.095471
0.09881
0.096862
0.097096
0.097727
0.098697
0.09973
0.10059
0.10141
0.1025
0.10412
0.10646
0.10945
0.11221
0.11159
0.10666
0.10576
0.11112
0.12122
0.13915
0.17555
0.059223
0.061754
0.079516
0.091253
0.1004
0.10451
0.099345
0.094989
0.098627
-12.081
-60.449
0.16091
0
0.99739
62.348
