0.11487
0.11497
0.11547
0.1164
0.1175
0.11843
0.11913
0.11986
0.12091
0.12241
0.12429
0.12571
0.1244
0.12103
0.12218
0.12815
0.13776
0.1552
0.20348
0.13969
0.11288
0.11842
0.12768
0.13778
0.14206
0.12965
0.11397
0.1122
0.1168
0.11693
0.11734
0.11817
0.11922
0.12014
0.12096
0.12201
0.12349
0.12544
0.1277
0.12928
0.12761
0.12374
0.12522
0.13203
0.14271
0.16196
0.21446
0.14161
0.11282
0.12004
0.13078
0.14196
0.14675
0.13415
0.11835
0.11702
0.11449
0.11453
0.11497
0.11602
0.1174
0.11859
0.1195
0.12042
0.12162
0.12324
0.12524
0.1269
0.12614
0.1237
0.1256
0.13204
0.14215
0.16068
0.21312
0.14676
0.11582
0.12105
0.13051
0.14083
0.14533
0.13347
0.11886
0.11805
0.11249
0.11257
0.113
0.11394
0.11519
0.11629
0.11719
0.11815
0.11944
0.1212
0.12332
0.125
0.124
0.12113
0.12294
0.12964
0.1402
0.15948
0.21323
0.14374
0.1122
0.11809
0.12815
0.13901
0.14394
0.13201
0.11678
0.11556
-10.904
-63.123
0.16808
0
0.97651
50.181
