0.04577
0.045832
0.045952
0.046001
0.045856
0.045554
0.045247
0.045088
0.045195
0.045609
0.046265
0.04679
0.046076
0.043941
0.043258
0.044576
0.047193
0.051691
0.059162
0.02276
0.02968
0.034732
0.038005
0.040457
0.04079
0.037184
0.034188
0.034958
0.046603
0.046554
0.046386
0.046002
0.045463
0.04501
0.044792
0.044826
0.045084
0.045524
0.046045
0.046262
0.045233
0.043296
0.043124
0.044616
0.046906
0.050315
0.055771
0.033362
0.036535
0.039512
0.041831
0.043633
0.043325
0.039238
0.036168
0.036704
0.045983
0.045987
0.045966
0.045891
0.045753
0.045608
0.045561
0.04571
0.046115
0.046794
0.047696
0.048462
0.047989
0.046171
0.045919
0.047693
0.050809
0.056138
0.066699
0.031576
0.033698
0.038534
0.042126
0.044934
0.045474
0.041913
0.039035
0.039795
0.044765
0.044778
0.044768
0.044581
0.044181
0.043776
0.043569
0.04363
0.043959
0.044542
0.045323
0.045967
0.045428
0.043548
0.043099
0.044587
0.047325
0.051913
0.060108
0.028365
0.032313
0.036683
0.039868
0.04245
0.042988
0.03946
0.036332
0.036879
-18.739
-51.984
0.42633
0
0.95824
18.737
