0.11769
0.11751
0.11711
0.11654
0.11604
0.11579
0.1158
0.11613
0.11693
0.11831
0.12016
0.1216
0.1199
0.11507
0.11433
0.11846
0.12551
0.13689
0.15678
0.077916
0.088025
0.098771
0.10667
0.11296
0.11406
0.10563
0.098867
0.10049
0.11739
0.11735
0.1171
0.11661
0.11602
0.11554
0.11531
0.11547
0.11619
0.11757
0.11947
0.12096
0.11925
0.11427
0.11339
0.11742
0.12435
0.1356
0.15533
0.077404
0.087607
0.098411
0.10632
0.11256
0.11355
0.10493
0.097873
0.09919
0.11523
0.11502
0.11459
0.11397
0.11336
0.11298
0.11287
0.11312
0.11388
0.11523
0.11709
0.11864
0.11738
0.11306
0.1123
0.11608
0.12272
0.13372
0.15363
0.079243
0.087467
0.097448
0.10484
0.11067
0.11141
0.10288
0.096136
0.097674
0.11402
0.11381
0.11338
0.11281
0.11232
0.1121
0.11213
0.11243
0.11312
0.11432
0.11596
0.11722
0.11563
0.11125
0.1107
0.11464
0.12125
0.13181
0.14972
0.076401
0.086671
0.096628
0.10395
0.1098
0.11068
0.10238
0.095721
0.09719
-10.57
-52.403
0.20516
0
1
39.858
