0.077073
0.077262
0.077975
0.079173
0.08049
0.08159
0.082561
0.083636
0.084977
0.086686
0.088733
0.090551
0.090598
0.089717
0.092773
0.099922
0.11097
0.13104
0.18194
0.10008
0.071291
0.082366
0.095178
0.10784
0.11499
0.1065
0.094049
0.094929
0.079638
0.079753
0.08037
0.08153
0.082888
0.084032
0.085005
0.08609
0.087505
0.089361
0.091614
0.093671
0.093795
0.092462
0.094856
0.10154
0.11222
0.13189
0.18256
0.10292
0.074084
0.084372
0.096619
0.10877
0.11562
0.10764
0.096199
0.097252
0.081918
0.082194
0.083036
0.084275
0.08545
0.086281
0.086961
0.087827
0.089122
0.090976
0.093353
0.095663
0.095991
0.094275
0.095937
0.10214
0.11257
0.13218
0.18509
0.11697
0.084886
0.091811
0.10236
0.11367
0.12032
0.1124
0.10033
0.099839
0.085723
0.085705
0.085992
0.086561
0.087256
0.087963
0.088768
0.08982
0.091219
0.093022
0.095161
0.097012
0.096803
0.095099
0.097221
0.10357
0.11357
0.13167
0.17878
0.10923
0.083824
0.09177
0.10215
0.11281
0.11847
0.10997
0.098512
0.098926
-11.664
-51.829
0.052687
0
1
87.604
